   5.8843919e-01   1.2937675e-01  -7.9812341e-01
   5.8865473e-01   1.2942414e-01  -7.9795676e-01
   5.8877939e-01   1.2945154e-01  -7.9786034e-01
   5.9075688e-01   1.2988632e-01  -7.9632647e-01
   5.9223339e-01   1.3021096e-01  -7.9517586e-01
   5.9313953e-01   1.3041018e-01  -7.9446748e-01
   5.9449592e-01   1.3070841e-01  -7.9340389e-01
   5.9613225e-01   1.3106818e-01  -7.9211578e-01
   5.9689909e-01   1.3123678e-01  -7.9151019e-01
   5.9715378e-01   1.3129277e-01  -7.9130875e-01
   5.9841227e-01   1.3156947e-01  -7.9031146e-01
   6.0054152e-01   1.3203762e-01  -7.8861647e-01
   6.0192352e-01   1.3234147e-01  -7.8751107e-01
   6.0368099e-01   1.3272787e-01  -7.8609958e-01
   6.0763726e-01   1.3359772e-01  -7.8289756e-01
   6.0983957e-01   1.3408193e-01  -7.8110033e-01
   6.1215715e-01   1.3459148e-01  -7.7919748e-01
   6.2326973e-01   1.3703474e-01  -7.6990667e-01
   6.2505209e-01   1.3742662e-01  -7.6839037e-01
   6.2516313e-01   1.3745103e-01  -7.6829562e-01
   6.2559179e-01   1.3754528e-01  -7.6792982e-01
   5.8184867e-01   1.2792773e-01  -8.0317283e-01
   5.8244741e-01   1.2805937e-01  -8.0271772e-01
   5.8235948e-01   1.2804004e-01  -8.0278446e-01
   5.8243341e-01   1.2805629e-01  -8.0272840e-01
   5.8230487e-01   1.2802803e-01  -8.0282612e-01
   5.8224296e-01   1.2801442e-01  -8.0287318e-01
   5.8298369e-01   1.2817728e-01  -8.0230948e-01
   5.8293724e-01   1.2816706e-01  -8.0234477e-01
   5.8344582e-01   1.2827888e-01  -8.0195724e-01
   5.8364681e-01   1.2832307e-01  -8.0180387e-01
   5.8256969e-01   1.2808625e-01  -8.0262469e-01
   5.8275004e-01   1.2812591e-01  -8.0248732e-01
   5.8320652e-01   1.2822627e-01  -8.0213952e-01
   5.8334747e-01   1.2825726e-01  -8.0203225e-01
   5.8393883e-01   1.2838728e-01  -8.0158100e-01
   5.8397000e-01   1.2839413e-01  -8.0155711e-01
   5.8402586e-01   1.2840641e-01  -8.0151448e-01
   5.8316708e-01   1.2821760e-01  -8.0216969e-01
   5.8377794e-01   1.2835190e-01  -8.0170376e-01
   5.8345601e-01   1.2828112e-01  -8.0194940e-01
   5.8386898e-01   1.2837192e-01  -8.0163432e-01
   5.8495548e-01   1.2861080e-01  -8.0080333e-01
   5.8402164e-01   1.2840549e-01  -8.0151766e-01
   5.8421242e-01   1.2844743e-01  -8.0137193e-01
   5.8413085e-01   1.2842950e-01  -8.0143423e-01
   5.8470147e-01   1.2855496e-01  -8.0099788e-01
   5.8608129e-01   1.2885833e-01  -7.9994010e-01
   5.8690506e-01   1.2903945e-01  -7.9930660e-01
   5.9234898e-01   1.3023637e-01  -7.9508550e-01
   5.8562860e-01   1.2875880e-01  -8.0028755e-01
   5.8634437e-01   1.2891617e-01  -7.9973793e-01
   5.8661157e-01   1.2897492e-01  -7.9953248e-01
   5.8732019e-01   1.2913072e-01  -7.9898689e-01
   5.8761977e-01   1.2919659e-01  -7.9875591e-01
   5.8801319e-01   1.2928308e-01  -7.9845241e-01
   5.8821452e-01   1.2932735e-01  -7.9829695e-01
   5.9292673e-01   1.3036340e-01  -7.9463402e-01
   5.9274065e-01   1.3032248e-01  -7.9477952e-01
   5.8657423e-01   1.2896671e-01  -7.9956115e-01
   5.8691561e-01   1.2904177e-01  -7.9929855e-01
   5.8727929e-01   1.2912173e-01  -7.9901844e-01
   5.8737540e-01   1.2914286e-01  -7.9894442e-01
   5.8729136e-01   1.2912438e-01  -7.9900915e-01
   5.8802687e-01   1.2928609e-01  -7.9844187e-01
   5.8828732e-01   1.2934336e-01  -7.9824069e-01
   5.8827379e-01   1.2934038e-01  -7.9825102e-01
   5.8845034e-01   1.2937920e-01  -7.9811465e-01
   5.8902114e-01   1.2950470e-01  -7.9767320e-01
   5.8921780e-01   1.2954793e-01  -7.9752093e-01
   5.9075866e-01   1.2988671e-01  -7.9632508e-01
   5.9075204e-01   1.2988526e-01  -7.9633022e-01
   5.9281990e-01   1.3033991e-01  -7.9471755e-01
   5.9289379e-01   1.3035615e-01  -7.9465979e-01
   5.9382948e-01   1.3056188e-01  -7.9392701e-01
   5.9355582e-01   1.3050171e-01  -7.9414138e-01
   5.8730070e-01   1.2912643e-01  -7.9900186e-01
   5.8747818e-01   1.2916545e-01  -7.9886508e-01
   5.8780683e-01   1.2923771e-01  -7.9861165e-01
   5.8774322e-01   1.2922373e-01  -7.9866072e-01
   5.8799084e-01   1.2927817e-01  -7.9846958e-01
   5.8878975e-01   1.2945382e-01  -7.9785224e-01
   5.8883833e-01   1.2946450e-01  -7.9781463e-01
   5.8913284e-01   1.2952926e-01  -7.9758667e-01
   5.8922374e-01   1.2954924e-01  -7.9751630e-01
   5.8917327e-01   1.2953814e-01  -7.9755540e-01
   5.8947385e-01   1.2960423e-01  -7.9732237e-01
   5.8942516e-01   1.2959353e-01  -7.9736018e-01
   5.8959367e-01   1.2963058e-01  -7.9722960e-01
   5.9000479e-01   1.2972097e-01  -7.9691060e-01
   5.9091824e-01   1.2992180e-01  -7.9620090e-01
   5.9084860e-01   1.2990649e-01  -7.9625512e-01
   5.9406137e-01   1.3061286e-01  -7.9374507e-01
   5.9387963e-01   1.3057291e-01  -7.9388771e-01
   5.8855350e-01   1.2940188e-01  -7.9803492e-01
   5.8888502e-01   1.2947477e-01  -7.9777851e-01
   5.8926542e-01   1.2955840e-01  -7.9748403e-01
   5.8949983e-01   1.2960994e-01  -7.9730233e-01
   5.8955932e-01   1.2962302e-01  -7.9725622e-01
   5.8976909e-01   1.2966914e-01  -7.9709355e-01
   5.9021959e-01   1.2976819e-01  -7.9674392e-01
   5.9062033e-01   1.2985630e-01  -7.9643264e-01
   5.9032014e-01   1.2979030e-01  -7.9666579e-01
   5.9031186e-01   1.2978848e-01  -7.9667217e-01
   5.9078531e-01   1.2989257e-01  -7.9630425e-01
   5.9091153e-01   1.2992033e-01  -7.9620614e-01
   5.9216667e-01   1.3019629e-01  -7.9522799e-01
   5.9449495e-01   1.3070819e-01  -7.9340474e-01
   5.9076831e-01   1.2988884e-01  -7.9631752e-01
   5.9113209e-01   1.2996882e-01  -7.9603443e-01
   5.9127237e-01   1.2999966e-01  -7.9592522e-01
   5.9143942e-01   1.3003639e-01  -7.9579506e-01
   5.9130700e-01   1.3000728e-01  -7.9589817e-01
   5.9150786e-01   1.3005144e-01  -7.9574172e-01
   5.9206102e-01   1.3017306e-01  -7.9531028e-01
   5.9289483e-01   1.3035638e-01  -7.9465885e-01
   5.9292481e-01   1.3036297e-01  -7.9463555e-01
   5.9183055e-01   1.3012239e-01  -7.9549015e-01
   5.9199777e-01   1.3015915e-01  -7.9535970e-01
   5.9223417e-01   1.3021113e-01  -7.9517512e-01
   5.9249295e-01   1.3026802e-01  -7.9497303e-01
   5.9252959e-01   1.3027608e-01  -7.9494444e-01
   5.9356775e-01   1.3050433e-01  -7.9413207e-01
   5.9355795e-01   1.3050218e-01  -7.9413983e-01
   5.9364324e-01   1.3052093e-01  -7.9407292e-01
   5.9653257e-01   1.3115619e-01  -7.9179968e-01
   5.9317439e-01   1.3041785e-01  -7.9444007e-01
   5.9330012e-01   1.3044549e-01  -7.9434169e-01
   5.9380146e-01   1.3055572e-01  -7.9394889e-01
   5.9407615e-01   1.3061611e-01  -7.9373351e-01
   5.9398545e-01   1.3059617e-01  -7.9380466e-01
   5.9452127e-01   1.3071398e-01  -7.9338404e-01
   5.9452463e-01   1.3071472e-01  -7.9338130e-01
   5.9475166e-01   1.3076463e-01  -7.9320289e-01
   5.9530973e-01   1.3088733e-01  -7.9276398e-01
   5.9530579e-01   1.3088647e-01  -7.9276709e-01
   5.9703417e-01   1.3126648e-01  -7.9140315e-01
   5.9392966e-01   1.3058390e-01  -7.9384835e-01
   5.9397251e-01   1.3059333e-01  -7.9381473e-01
   5.9427582e-01   1.3066001e-01  -7.9357672e-01
   5.9460244e-01   1.3073182e-01  -7.9332015e-01
   5.9470156e-01   1.3075362e-01  -7.9324231e-01
   5.9507888e-01   1.3083658e-01  -7.9294561e-01
   5.9495469e-01   1.3080927e-01  -7.9304333e-01
   5.9509267e-01   1.3083961e-01  -7.9293469e-01
   5.9530796e-01   1.3088694e-01  -7.9276542e-01
   5.9602902e-01   1.3104548e-01  -7.9219724e-01
   5.9604877e-01   1.3104982e-01  -7.9218158e-01
   5.9625786e-01   1.3109579e-01  -7.9201662e-01
   5.9588305e-01   1.3101339e-01  -7.9231233e-01
   5.9772645e-01   1.3141868e-01  -7.9085530e-01
   5.9784378e-01   1.3144448e-01  -7.9076237e-01
   5.9845496e-01   1.3157886e-01  -7.9027758e-01
   5.9850888e-01   1.3159071e-01  -7.9023476e-01
   5.9475257e-01   1.3076483e-01  -7.9320219e-01
   5.9510484e-01   1.3084229e-01  -7.9292512e-01
   5.9511264e-01   1.3084400e-01  -7.9291901e-01
   5.9536333e-01   1.3089912e-01  -7.9272171e-01
   5.9543470e-01   1.3091481e-01  -7.9266551e-01
   5.9569910e-01   1.3097294e-01  -7.9245725e-01
   5.9616493e-01   1.3107536e-01  -7.9208991e-01
   5.9590598e-01   1.3101843e-01  -7.9229415e-01
   5.9656035e-01   1.3116230e-01  -7.9177779e-01
   5.9660363e-01   1.3117182e-01  -7.9174355e-01
   5.9669187e-01   1.3119122e-01  -7.9167386e-01
   5.9665209e-01   1.3118247e-01  -7.9170531e-01
   5.9869552e-01   1.3163175e-01  -7.9008640e-01
   5.9883471e-01   1.3166235e-01  -7.8997582e-01
   5.9557205e-01   1.3094501e-01  -7.9255737e-01
   5.9589333e-01   1.3101564e-01  -7.9230415e-01
   5.9611605e-01   1.3106461e-01  -7.9212848e-01
   5.9644433e-01   1.3113679e-01  -7.9186934e-01
   5.9667368e-01   1.3118722e-01  -7.9168826e-01
   5.9663515e-01   1.3117875e-01  -7.9171872e-01
   5.9678956e-01   1.3121270e-01  -7.9159659e-01
   5.9698588e-01   1.3125586e-01  -7.9144149e-01
   5.9718508e-01   1.3129966e-01  -7.9128394e-01
   5.9732650e-01   1.3133075e-01  -7.9117197e-01
   5.9763970e-01   1.3139961e-01  -7.9092390e-01
   5.9807623e-01   1.3149559e-01  -7.9057806e-01
   5.9804052e-01   1.3148774e-01  -7.9060636e-01
   5.9832855e-01   1.3155106e-01  -7.9037781e-01
   5.9855680e-01   1.3160125e-01  -7.9019664e-01
   5.9936754e-01   1.3177950e-01  -7.8955222e-01
   5.9934547e-01   1.3177465e-01  -7.8956978e-01
   5.9697627e-01   1.3125375e-01  -7.9144910e-01
   5.9698570e-01   1.3125582e-01  -7.9144160e-01
   5.9716351e-01   1.3129491e-01  -7.9130087e-01
   5.9758739e-01   1.3138811e-01  -7.9096529e-01
   5.9770340e-01   1.3141361e-01  -7.9087350e-01
   5.9796674e-01   1.3147152e-01  -7.9066478e-01
   5.9794540e-01   1.3146682e-01  -7.9068171e-01
   5.9800933e-01   1.3148088e-01  -7.9063102e-01
   5.9828086e-01   1.3154058e-01  -7.9041570e-01
   5.9853105e-01   1.3159559e-01  -7.9021709e-01
   5.9893957e-01   1.3168540e-01  -7.8989252e-01
   5.9897185e-01   1.3169250e-01  -7.8986685e-01
   5.9916882e-01   1.3173581e-01  -7.8971021e-01
   5.9987413e-01   1.3189088e-01  -7.8914876e-01
   5.9989037e-01   1.3189445e-01  -7.8913581e-01
   6.0079961e-01   1.3209436e-01  -7.8841029e-01
   5.9811604e-01   1.3150434e-01  -7.9054646e-01
   5.9831412e-01   1.3154789e-01  -7.9038928e-01
   5.9840795e-01   1.3156852e-01  -7.9031481e-01
   5.9868143e-01   1.3162865e-01  -7.9009754e-01
   5.9898156e-01   1.3169464e-01  -7.8985909e-01
   5.9917839e-01   1.3173791e-01  -7.8970258e-01
   5.9923599e-01   1.3175058e-01  -7.8965673e-01
   5.9949356e-01   1.3180721e-01  -7.8945178e-01
   5.9981061e-01   1.3187692e-01  -7.8919929e-01
   6.0004210e-01   1.3192781e-01  -7.8901483e-01
   6.0031772e-01   1.3198841e-01  -7.8879503e-01
   6.0034558e-01   1.3199454e-01  -7.8877276e-01
   6.0065471e-01   1.3206250e-01  -7.8852600e-01
   6.0094647e-01   1.3212665e-01  -7.8829296e-01
   6.0153935e-01   1.3225700e-01  -7.8781878e-01
   6.0138100e-01   1.3222219e-01  -7.8794547e-01
   6.0154660e-01   1.3225860e-01  -7.8781296e-01
   6.0040170e-01   1.3200687e-01  -7.8872798e-01
   6.0046654e-01   1.3202113e-01  -7.8867620e-01
   6.0044159e-01   1.3201565e-01  -7.8869612e-01
   6.0085441e-01   1.3210641e-01  -7.8836639e-01
   6.0113423e-01   1.3216793e-01  -7.8814274e-01
   6.0129935e-01   1.3220424e-01  -7.8801070e-01
   6.0167458e-01   1.3228674e-01  -7.8771041e-01
   6.0207443e-01   1.3237465e-01  -7.8739017e-01
   6.0192753e-01   1.3234235e-01  -7.8750790e-01
   6.0198126e-01   1.3235416e-01  -7.8746473e-01
   6.0238684e-01   1.3244334e-01  -7.8713951e-01
   6.0328171e-01   1.3264009e-01  -7.8642085e-01
   6.0134326e-01   1.3221389e-01  -7.8797562e-01
   6.0158172e-01   1.3226632e-01  -7.8778481e-01
   6.0177816e-01   1.3230951e-01  -7.8762750e-01
   6.0195877e-01   1.3234922e-01  -7.8748282e-01
   6.0228112e-01   1.3242009e-01  -7.8722439e-01
   6.0233417e-01   1.3243176e-01  -7.8718182e-01
   6.0260213e-01   1.3249067e-01  -7.8696674e-01
   6.0300489e-01   1.3257922e-01  -7.8664326e-01
   6.0307634e-01   1.3259493e-01  -7.8658585e-01
   6.0331047e-01   1.3264641e-01  -7.8639762e-01
   6.0364321e-01   1.3271957e-01  -7.8612997e-01
   6.0426006e-01   1.3285519e-01  -7.8563304e-01
   6.0422999e-01   1.3284858e-01  -7.8565728e-01
   6.0278623e-01   1.3253115e-01  -7.8681888e-01
   6.0301346e-01   1.3258111e-01  -7.8663637e-01
   6.0313521e-01   1.3260788e-01  -7.8653848e-01
   6.0334898e-01   1.3265488e-01  -7.8636666e-01
   6.0366195e-01   1.3272369e-01  -7.8611481e-01
   6.0356232e-01   1.3270178e-01  -7.8619502e-01
   6.0377137e-01   1.3274775e-01  -7.8602666e-01
   6.0389588e-01   1.3277512e-01  -7.8592640e-01
   6.0428508e-01   1.3286069e-01  -7.8561278e-01
   6.0414100e-01   1.3282901e-01  -7.8572897e-01
   6.0361342e-01   1.3271302e-01  -7.8615386e-01
   6.0374207e-01   1.3274130e-01  -7.8605030e-01
   6.0368299e-01   1.3272831e-01  -7.8609791e-01
   6.0394974e-01   1.3278696e-01  -7.8588301e-01
   6.0412836e-01   1.3282624e-01  -7.8573907e-01
   6.0436155e-01   1.3287750e-01  -7.8555103e-01
   6.0457025e-01   1.3292339e-01  -7.8538269e-01
   6.0481319e-01   1.3297680e-01  -7.8518662e-01
   6.0505624e-01   1.3303024e-01  -7.8499023e-01
   6.0485268e-01   1.3298549e-01  -7.8515472e-01
   6.0468787e-01   1.3294925e-01  -7.8528783e-01
   6.0486800e-01   1.3298885e-01  -7.8514234e-01
   6.0543749e-01   1.3311407e-01  -7.8468202e-01
   6.0556725e-01   1.3314260e-01  -7.8457704e-01
   6.0555284e-01   1.3313943e-01  -7.8458864e-01
   6.0556737e-01   1.3314262e-01  -7.8457696e-01
   6.0586140e-01   1.3320727e-01  -7.8433890e-01
   6.0955962e-01   1.3402037e-01  -7.8132932e-01
   6.0584358e-01   1.3320335e-01  -7.8435342e-01
   6.0598671e-01   1.3323482e-01  -7.8423753e-01
   6.0622890e-01   1.3328807e-01  -7.8404122e-01
   6.0681965e-01   1.3341795e-01  -7.8356194e-01
   6.0704353e-01   1.3346718e-01  -7.8338020e-01
   6.0704394e-01   1.3346727e-01  -7.8337988e-01
   6.0711108e-01   1.3348203e-01  -7.8332534e-01
   6.0794620e-01   1.3366564e-01  -7.8264597e-01
   6.1001375e-01   1.3412022e-01  -7.8095771e-01
   6.0991418e-01   1.3409833e-01  -7.8103923e-01
   6.0741209e-01   1.3354821e-01  -7.8308065e-01
   6.0763147e-01   1.3359644e-01  -7.8290217e-01
   6.0795683e-01   1.3366798e-01  -7.8263724e-01
   6.0835110e-01   1.3375466e-01  -7.8231606e-01
   6.0848225e-01   1.3378350e-01  -7.8220915e-01
   6.1065739e-01   1.3426173e-01  -7.8043014e-01
   6.1044855e-01   1.3421582e-01  -7.8060132e-01
   6.0870075e-01   1.3383154e-01  -7.8203085e-01
   6.0908321e-01   1.3391563e-01  -7.8171871e-01
   6.0924351e-01   1.3395087e-01  -7.8158774e-01
   6.0929228e-01   1.3396160e-01  -7.8154782e-01
   6.0963299e-01   1.3403651e-01  -7.8126928e-01
   6.1112360e-01   1.3436424e-01  -7.8004742e-01
   6.1097434e-01   1.3433142e-01  -7.8017011e-01
   6.0998461e-01   1.3411381e-01  -7.8098153e-01
   6.0982036e-01   1.3407770e-01  -7.8111592e-01
   6.1014175e-01   1.3414836e-01  -7.8085275e-01
   6.1046191e-01   1.3421876e-01  -7.8059036e-01
   6.1210455e-01   1.3457991e-01  -7.7924083e-01
   6.1181566e-01   1.3451640e-01  -7.7947859e-01
   6.1196656e-01   1.3454958e-01  -7.7935439e-01
   6.1196408e-01   1.3454903e-01  -7.7935642e-01
   6.1069704e-01   1.3427045e-01  -7.8039754e-01
   6.1085964e-01   1.3430620e-01  -7.8026413e-01
   6.1128542e-01   1.3439982e-01  -7.7991455e-01
   6.1162748e-01   1.3447502e-01  -7.7963339e-01
   6.1182746e-01   1.3451899e-01  -7.7946887e-01
   6.1199015e-01   1.3455476e-01  -7.7933499e-01
   6.1205957e-01   1.3457002e-01  -7.7927782e-01
   6.1228612e-01   1.3461984e-01  -7.7909121e-01
   6.1206125e-01   1.3457039e-01  -7.7927646e-01
   6.1210134e-01   1.3457921e-01  -7.7924347e-01
   6.1214662e-01   1.3458916e-01  -7.7920608e-01
   6.1227441e-01   1.3461726e-01  -7.7910081e-01
   6.1237968e-01   1.3464041e-01  -7.7901411e-01
   6.1265335e-01   1.3470057e-01  -7.7878847e-01
   6.1243662e-01   1.3465292e-01  -7.7896714e-01
   6.1268285e-01   1.3470706e-01  -7.7876412e-01
   6.1296053e-01   1.3476811e-01  -7.7853509e-01
   6.1299893e-01   1.3477656e-01  -7.7850327e-01
   6.1279911e-01   1.3473262e-01  -7.7866823e-01
   6.1292354e-01   1.3475998e-01  -7.7856553e-01
   6.1318859e-01   1.3481826e-01  -7.7834672e-01
   6.1336374e-01   1.3485677e-01  -7.7820207e-01
   6.1345427e-01   1.3487667e-01  -7.7812704e-01
   6.1381200e-01   1.3495532e-01  -7.7783143e-01
   6.1401450e-01   1.3499984e-01  -7.7766386e-01
   6.1417653e-01   1.3503547e-01  -7.7752970e-01
   6.1526425e-01   1.3527462e-01  -7.7662762e-01
   6.1400909e-01   1.3499865e-01  -7.7766830e-01
   6.1418039e-01   1.3503632e-01  -7.7752656e-01
   6.1425879e-01   1.3505355e-01  -7.7746158e-01
   6.1453331e-01   1.3511391e-01  -7.7723412e-01
   6.1464039e-01   1.3513745e-01  -7.7714531e-01
   6.1490133e-01   1.3519483e-01  -7.7692895e-01
   6.1541881e-01   1.3530860e-01  -7.7649928e-01
   6.1556072e-01   1.3533980e-01  -7.7638137e-01
   6.1556685e-01   1.3534115e-01  -7.7637626e-01
   6.1567348e-01   1.3536459e-01  -7.7628758e-01
   6.1748270e-01   1.3576238e-01  -7.7477976e-01
   6.1510799e-01   1.3524026e-01  -7.7675737e-01
   6.1503862e-01   1.3522501e-01  -7.7681498e-01
   6.1543031e-01   1.3531113e-01  -7.7648967e-01
   6.1564559e-01   1.3535846e-01  -7.7631066e-01
   6.1582422e-01   1.3539774e-01  -7.7616228e-01
   6.1603715e-01   1.3544455e-01  -7.7598508e-01
   6.1629778e-01   1.3550186e-01  -7.7576811e-01
   6.1629738e-01   1.3550177e-01  -7.7576833e-01
   6.1658427e-01   1.3556484e-01  -7.7552946e-01
   6.1701430e-01   1.3565939e-01  -7.7517072e-01
   6.1750752e-01   1.3576783e-01  -7.7475897e-01
   6.1745313e-01   1.3575588e-01  -7.7480443e-01
   6.1769202e-01   1.3580840e-01  -7.7460473e-01
   6.1771964e-01   1.3581447e-01  -7.7458151e-01
   6.1597194e-01   1.3543021e-01  -7.7603936e-01
   6.1634319e-01   1.3551184e-01  -7.7573023e-01
   6.1642891e-01   1.3553069e-01  -7.7565889e-01
   6.1678077e-01   1.3560805e-01  -7.7536560e-01
   6.1698896e-01   1.3565382e-01  -7.7519195e-01
   6.1709497e-01   1.3567713e-01  -7.7510345e-01
   6.1709048e-01   1.3567614e-01  -7.7510714e-01
   6.1756264e-01   1.3577995e-01  -7.7471290e-01
   6.1775245e-01   1.3582168e-01  -7.7455420e-01
   6.1792710e-01   1.3586008e-01  -7.7440817e-01
   6.1828767e-01   1.3593936e-01  -7.7410640e-01
   6.1814504e-01   1.3590800e-01  -7.7422578e-01
   6.1859786e-01   1.3600756e-01  -7.7384660e-01
   6.1882095e-01   1.3605661e-01  -7.7365961e-01
   6.1707308e-01   1.3567231e-01  -7.7512173e-01
   6.1735744e-01   1.3573484e-01  -7.7488432e-01
   6.1725628e-01   1.3571260e-01  -7.7496880e-01
   6.1746560e-01   1.3575862e-01  -7.7479397e-01
   6.1783837e-01   1.3584057e-01  -7.7448237e-01
   6.1810746e-01   1.3589974e-01  -7.7425729e-01
   6.1827783e-01   1.3593720e-01  -7.7411468e-01
   6.1858261e-01   1.3600421e-01  -7.7385937e-01
   6.1855036e-01   1.3599712e-01  -7.7388624e-01
   6.1842733e-01   1.3597007e-01  -7.7398938e-01
   6.1869681e-01   1.3602932e-01  -7.7376360e-01
   6.1895030e-01   1.3608505e-01  -7.7355101e-01
   6.1880292e-01   1.3605265e-01  -7.7367466e-01
   6.1932183e-01   1.3616673e-01  -7.7323914e-01
   6.1993396e-01   1.3630132e-01  -7.7272490e-01
   6.2063336e-01   1.3645509e-01  -7.7213614e-01
   6.2081847e-01   1.3649579e-01  -7.7198013e-01
   6.2087153e-01   1.3650746e-01  -7.7193539e-01
   6.1822101e-01   1.3592470e-01  -7.7416224e-01
   6.1842921e-01   1.3597048e-01  -7.7398780e-01
   6.1878309e-01   1.3604829e-01  -7.7369113e-01
   6.1890472e-01   1.3607503e-01  -7.7358925e-01
   6.1908601e-01   1.3611489e-01  -7.7343723e-01
   6.1955688e-01   1.3621842e-01  -7.7304181e-01
   6.1969994e-01   1.3624987e-01  -7.7292158e-01
   6.1979953e-01   1.3627176e-01  -7.7283783e-01
   6.2008172e-01   1.3633381e-01  -7.7260053e-01
   6.2016868e-01   1.3635293e-01  -7.7252737e-01
   6.2027091e-01   1.3637540e-01  -7.7244131e-01
   6.2084431e-01   1.3650147e-01  -7.7195828e-01
   6.2103062e-01   1.3654244e-01  -7.7180118e-01
   6.2103298e-01   1.3654296e-01  -7.7179913e-01
   6.2108541e-01   1.3655448e-01  -7.7175494e-01
   6.2105722e-01   1.3654829e-01  -7.7177873e-01
   6.1966880e-01   1.3624302e-01  -7.7294778e-01
   6.2002190e-01   1.3632066e-01  -7.7265075e-01
   6.2001189e-01   1.3631845e-01  -7.7265928e-01
   6.2028025e-01   1.3637746e-01  -7.7243343e-01
   6.2057911e-01   1.3644317e-01  -7.7218180e-01
   6.2078469e-01   1.3648837e-01  -7.7200848e-01
   6.2091718e-01   1.3651750e-01  -7.7189676e-01
   6.2119882e-01   1.3657942e-01  -7.7165921e-01
   6.2148336e-01   1.3664198e-01  -7.7141901e-01
   6.2146423e-01   1.3663777e-01  -7.7143517e-01
   6.2163391e-01   1.3667508e-01  -7.7129183e-01
   6.2177058e-01   1.3670513e-01  -7.7117631e-01
   6.2179210e-01   1.3670986e-01  -7.7115812e-01
   6.2216067e-01   1.3679089e-01  -7.7084645e-01
   6.2099831e-01   1.3653533e-01  -7.7182839e-01
   6.2128983e-01   1.3659943e-01  -7.7158244e-01
   6.2144176e-01   1.3663283e-01  -7.7145408e-01
   6.2187509e-01   1.3672811e-01  -7.7108797e-01
   6.2205078e-01   1.3676673e-01  -7.7093939e-01
   6.2229126e-01   1.3681961e-01  -7.7073589e-01
   6.2233511e-01   1.3682925e-01  -7.7069880e-01
   6.2229462e-01   1.3682035e-01  -7.7073301e-01
   6.2246275e-01   1.3685731e-01  -7.7059067e-01
   6.2318416e-01   1.3701592e-01  -7.6997918e-01
   6.2240788e-01   1.3684525e-01  -7.7063700e-01
   6.2226527e-01   1.3681389e-01  -7.7075794e-01
   6.2232850e-01   1.3682780e-01  -7.7070439e-01
   6.2267050e-01   1.3690299e-01  -7.7041467e-01
   6.2288226e-01   1.3694955e-01  -7.7023526e-01
   6.2295342e-01   1.3696519e-01  -7.7017485e-01
   6.2317476e-01   1.3701386e-01  -7.6998714e-01
   6.2337556e-01   1.3705800e-01  -7.6981677e-01
   6.2365788e-01   1.3712008e-01  -7.6957707e-01
   6.2333539e-01   1.3704917e-01  -7.6985089e-01
   6.2345217e-01   1.3707485e-01  -7.6975164e-01
   6.2321804e-01   1.3702337e-01  -7.6995050e-01
   6.2348517e-01   1.3708211e-01  -7.6972367e-01
   6.2384513e-01   1.3716125e-01  -7.6941791e-01
   6.2401081e-01   1.3719767e-01  -7.6927699e-01
   6.2432250e-01   1.3726620e-01  -7.6901182e-01
   6.2433195e-01   1.3726828e-01  -7.6900374e-01
   6.2460753e-01   1.3732887e-01  -7.6876925e-01
   6.2472616e-01   1.3735495e-01  -7.6866815e-01
   6.2470440e-01   1.3735017e-01  -7.6868670e-01
   6.2490113e-01   1.3739342e-01  -7.6851901e-01
   6.2508469e-01   1.3743378e-01  -7.6836254e-01
   5.8911859e-01   1.2952612e-01  -7.9759768e-01
   5.8919198e-01   1.2954226e-01  -7.9754089e-01
   5.8933290e-01   1.2957324e-01  -7.9743170e-01
   5.8986270e-01   1.2968973e-01  -7.9702089e-01
   5.8996333e-01   1.2971185e-01  -7.9694285e-01
   5.9032195e-01   1.2979070e-01  -7.9666438e-01
   5.9034780e-01   1.2979638e-01  -7.9664431e-01
   5.9043260e-01   1.2981503e-01  -7.9657840e-01
   5.9086034e-01   1.2990907e-01  -7.9624588e-01
   5.9091626e-01   1.2992137e-01  -7.9620234e-01
   5.9110197e-01   1.2996220e-01  -7.9605779e-01
   5.9121205e-01   1.2998640e-01  -7.9597205e-01
   5.9084507e-01   1.2990571e-01  -7.9625773e-01
   5.9110928e-01   1.2996380e-01  -7.9605211e-01
   5.9121645e-01   1.2998737e-01  -7.9596872e-01
   5.9117501e-01   1.2997825e-01  -7.9600093e-01
   5.9154106e-01   1.3005874e-01  -7.9571579e-01
   5.9174379e-01   1.3010331e-01  -7.9555781e-01
   5.9176643e-01   1.3010829e-01  -7.9554018e-01
   5.9186484e-01   1.3012992e-01  -7.9546338e-01
   5.9212013e-01   1.3018605e-01  -7.9526420e-01
   5.9247212e-01   1.3026344e-01  -7.9498931e-01
   5.9265854e-01   1.3030443e-01  -7.9484367e-01
   5.9154342e-01   1.3005925e-01  -7.9571398e-01
   5.9186709e-01   1.3013042e-01  -7.9546165e-01
   5.9194128e-01   1.3014673e-01  -7.9540370e-01
   5.9235999e-01   1.3023879e-01  -7.9507696e-01
   5.9255829e-01   1.3028239e-01  -7.9492203e-01
   5.9241033e-01   1.3024986e-01  -7.9503755e-01
   5.9279010e-01   1.3033336e-01  -7.9474075e-01
   5.9295328e-01   1.3036923e-01  -7.9461317e-01
   5.9310785e-01   1.3040322e-01  -7.9449218e-01
   5.9334942e-01   1.3045633e-01  -7.9430314e-01
   5.9335360e-01   1.3045725e-01  -7.9429981e-01
   5.9363717e-01   1.3051960e-01  -7.9407767e-01
   5.9249925e-01   1.3026941e-01  -7.9496809e-01
   5.9244825e-01   1.3025820e-01  -7.9500795e-01
   5.9269943e-01   1.3031342e-01  -7.9481169e-01
   5.9278856e-01   1.3033302e-01  -7.9474199e-01
   5.9296554e-01   1.3037193e-01  -7.9460355e-01
   5.9350221e-01   1.3048992e-01  -7.9418341e-01
   5.9381463e-01   1.3055861e-01  -7.9393858e-01
   5.9411580e-01   1.3062483e-01  -7.9370227e-01
   5.9448551e-01   1.3070612e-01  -7.9341203e-01
   5.9324324e-01   1.3043299e-01  -7.9438623e-01
   5.9338625e-01   1.3046443e-01  -7.9427423e-01
   5.9345892e-01   1.3048041e-01  -7.9421729e-01
   5.9388611e-01   1.3057433e-01  -7.9388249e-01
   5.9490347e-01   1.3079801e-01  -7.9308350e-01
   5.9489082e-01   1.3079523e-01  -7.9309348e-01
   5.9507982e-01   1.3083678e-01  -7.9294488e-01
   5.9534872e-01   1.3089591e-01  -7.9273320e-01
   5.9545633e-01   1.3091957e-01  -7.9264852e-01
   5.9394605e-01   1.3058751e-01  -7.9383549e-01
   5.9418574e-01   1.3064021e-01  -7.9364745e-01
   5.9457196e-01   1.3072512e-01  -7.9334411e-01
   5.9488921e-01   1.3079488e-01  -7.9309478e-01
   5.9491227e-01   1.3079995e-01  -7.9307664e-01
   5.9518938e-01   1.3086087e-01  -7.9285869e-01
   5.9533737e-01   1.3089341e-01  -7.9274221e-01
   5.9546314e-01   1.3092106e-01  -7.9264312e-01
   5.9551981e-01   1.3093352e-01  -7.9259849e-01
   5.9577527e-01   1.3098969e-01  -7.9239714e-01
   5.9600769e-01   1.3104079e-01  -7.9221387e-01
   5.9621727e-01   1.3108687e-01  -7.9204849e-01
   5.9651024e-01   1.3115128e-01  -7.9181731e-01
   5.9478491e-01   1.3077194e-01  -7.9317676e-01
   5.9532268e-01   1.3089018e-01  -7.9275375e-01
   5.9540340e-01   1.3090793e-01  -7.9269016e-01
   5.9556368e-01   1.3094317e-01  -7.9256391e-01
   5.9566892e-01   1.3096631e-01  -7.9248099e-01
   5.9590161e-01   1.3101747e-01  -7.9229758e-01
   5.9615047e-01   1.3107218e-01  -7.9210132e-01
   5.9622734e-01   1.3108908e-01  -7.9204064e-01
   5.9638483e-01   1.3112371e-01  -7.9191627e-01
   5.9641402e-01   1.3113013e-01  -7.9189333e-01
   5.9681360e-01   1.3121798e-01  -7.9157755e-01
   5.9716227e-01   1.3129464e-01  -7.9130189e-01
   5.9709974e-01   1.3128089e-01  -7.9135134e-01
   5.9572974e-01   1.3097968e-01  -7.9243309e-01
   5.9611033e-01   1.3106336e-01  -7.9213302e-01
   5.9624563e-01   1.3109310e-01  -7.9202622e-01
   5.9647777e-01   1.3114414e-01  -7.9184294e-01
   5.9660030e-01   1.3117108e-01  -7.9174620e-01
   5.9670534e-01   1.3119418e-01  -7.9166318e-01
   5.9691669e-01   1.3124065e-01  -7.9149613e-01
   5.9703494e-01   1.3126665e-01  -7.9140262e-01
   5.9738972e-01   1.3134465e-01  -7.9112192e-01
   5.9765106e-01   1.3140211e-01  -7.9091501e-01
   5.9761701e-01   1.3139462e-01  -7.9094199e-01
   5.9779724e-01   1.3143425e-01  -7.9079919e-01
   5.9794227e-01   1.3146614e-01  -7.9068424e-01
   5.9833005e-01   1.3155139e-01  -7.9037658e-01
   5.9851206e-01   1.3159141e-01  -7.9023212e-01
   5.9849529e-01   1.3158772e-01  -7.9024544e-01
   5.9862634e-01   1.3161654e-01  -7.9014134e-01
   5.9718443e-01   1.3129951e-01  -7.9128437e-01
   5.9752432e-01   1.3137424e-01  -7.9101530e-01
   5.9778494e-01   1.3143154e-01  -7.9080885e-01
   5.9771009e-01   1.3141509e-01  -7.9086821e-01
   5.9812493e-01   1.3150629e-01  -7.9053931e-01
   5.9815604e-01   1.3151313e-01  -7.9051465e-01
   5.9842539e-01   1.3157236e-01  -7.9030091e-01
   5.9871495e-01   1.3163602e-01  -7.9007098e-01
   5.9866104e-01   1.3162417e-01  -7.9011391e-01
   5.9869445e-01   1.3163151e-01  -7.9008736e-01
   5.9912725e-01   1.3172667e-01  -7.8974320e-01
   5.9936247e-01   1.3177839e-01  -7.8955607e-01
   5.9935133e-01   1.3177594e-01  -7.8956503e-01
   6.0021719e-01   1.3196631e-01  -7.8887513e-01
   6.0037756e-01   1.3200157e-01  -7.8874721e-01
   6.0043085e-01   1.3201328e-01  -7.8870468e-01
   6.0054730e-01   1.3203889e-01  -7.8861172e-01
   6.0111401e-01   1.3216349e-01  -7.8815897e-01
   5.9805125e-01   1.3149010e-01  -7.9059780e-01
   5.9918055e-01   1.3173839e-01  -7.8970087e-01
   5.9948963e-01   1.3180634e-01  -7.8945490e-01
   5.9995600e-01   1.3190888e-01  -7.8908349e-01
   6.0008331e-01   1.3193687e-01  -7.8898191e-01
   6.0087166e-01   1.3211020e-01  -7.8835274e-01
   6.0065760e-01   1.3206314e-01  -7.8852364e-01
   6.0092414e-01   1.3212174e-01  -7.8831080e-01
   6.0127598e-01   1.3219910e-01  -7.8802943e-01
   6.0147079e-01   1.3224193e-01  -7.8787356e-01
   6.0169598e-01   1.3229144e-01  -7.8769326e-01
   6.0174103e-01   1.3230135e-01  -7.8765720e-01
   6.0194259e-01   1.3234566e-01  -7.8749568e-01
   6.0238464e-01   1.3244285e-01  -7.8714131e-01
   6.0022365e-01   1.3196773e-01  -7.8886999e-01
   6.0040392e-01   1.3200736e-01  -7.8872620e-01
   6.0054892e-01   1.3203924e-01  -7.8861054e-01
   6.0104901e-01   1.3214919e-01  -7.8821087e-01
   6.0092290e-01   1.3212147e-01  -7.8831172e-01
   6.0120224e-01   1.3218288e-01  -7.8808849e-01
   6.0147346e-01   1.3224252e-01  -7.8787143e-01
   6.0204566e-01   1.3236832e-01  -7.8741301e-01
   6.0260477e-01   1.3249125e-01  -7.8696454e-01
   6.0265617e-01   1.3250255e-01  -7.8692341e-01
   6.0272162e-01   1.3251694e-01  -7.8687087e-01
   6.0295388e-01   1.3256801e-01  -7.8668429e-01
   6.0318400e-01   1.3261860e-01  -7.8649933e-01
   6.0098572e-01   1.3213528e-01  -7.8826149e-01
   6.0113893e-01   1.3216897e-01  -7.8813901e-01
   6.0159458e-01   1.3226915e-01  -7.8777452e-01
   6.0167102e-01   1.3228595e-01  -7.8771334e-01
   6.0175008e-01   1.3230333e-01  -7.8764993e-01
   6.0186293e-01   1.3232815e-01  -7.8755953e-01
   6.0251202e-01   1.3247086e-01  -7.8703903e-01
   6.0227090e-01   1.3241784e-01  -7.8723259e-01
   6.0242449e-01   1.3245161e-01  -7.8710943e-01
   6.0281545e-01   1.3253757e-01  -7.8679558e-01
   6.0334162e-01   1.3265326e-01  -7.8637261e-01
   6.0376725e-01   1.3274684e-01  -7.8603006e-01
   6.0395999e-01   1.3278922e-01  -7.8587473e-01
   6.0384746e-01   1.3276447e-01  -7.8596541e-01
   6.0198220e-01   1.3235437e-01  -7.8746396e-01
   6.0203514e-01   1.3236601e-01  -7.8742157e-01
   6.0214314e-01   1.3238976e-01  -7.8733497e-01
   6.0313642e-01   1.3260814e-01  -7.8653764e-01
   6.0304072e-01   1.3258710e-01  -7.8661453e-01
   6.0327274e-01   1.3263811e-01  -7.8642788e-01
   6.0373867e-01   1.3274056e-01  -7.8605311e-01
   6.0391253e-01   1.3277878e-01  -7.8591307e-01
   6.0410184e-01   1.3282040e-01  -7.8576052e-01
   6.0474292e-01   1.3296136e-01  -7.8524332e-01
   6.0499842e-01   1.3301753e-01  -7.8503688e-01
   6.0528696e-01   1.3308097e-01  -7.8480377e-01
   6.0549552e-01   1.3312682e-01  -7.8463509e-01
   6.0569676e-01   1.3317107e-01  -7.8447229e-01
   6.0259457e-01   1.3248901e-01  -7.8697286e-01
   6.0303510e-01   1.3258587e-01  -7.8661900e-01
   6.0326229e-01   1.3263582e-01  -7.8643632e-01
   6.0335930e-01   1.3265715e-01  -7.8635838e-01
   6.0331389e-01   1.3264716e-01  -7.8639498e-01
   6.0384046e-01   1.3276294e-01  -7.8597104e-01
   6.0417556e-01   1.3283661e-01  -7.8570104e-01
   6.0439137e-01   1.3288406e-01  -7.8552698e-01
   6.0441839e-01   1.3289000e-01  -7.8550521e-01
   6.0549194e-01   1.3312604e-01  -7.8463806e-01
   6.0537601e-01   1.3310055e-01  -7.8473186e-01
   6.0548413e-01   1.3312432e-01  -7.8464432e-01
   6.0552792e-01   1.3313395e-01  -7.8460895e-01
   6.0588334e-01   1.3321209e-01  -7.8432119e-01
   6.0599444e-01   1.3323652e-01  -7.8423114e-01
   6.0620701e-01   1.3328326e-01  -7.8405894e-01
   6.0391537e-01   1.3277940e-01  -7.8591068e-01
   6.0414687e-01   1.3283030e-01  -7.8572417e-01
   6.0447772e-01   1.3290305e-01  -7.8545743e-01
   6.0456021e-01   1.3292118e-01  -7.8539088e-01
   6.0433613e-01   1.3287192e-01  -7.8557166e-01
   6.0465336e-01   1.3294166e-01  -7.8531566e-01
   6.0508196e-01   1.3303590e-01  -7.8496947e-01
   6.0535237e-01   1.3309535e-01  -7.8475093e-01
   6.0555980e-01   1.3314096e-01  -7.8458313e-01
   6.0548121e-01   1.3312368e-01  -7.8464667e-01
   6.0590952e-01   1.3321785e-01  -7.8430003e-01
   6.0586175e-01   1.3320734e-01  -7.8433871e-01
   6.0652393e-01   1.3335293e-01  -7.8380196e-01
   6.0665335e-01   1.3338139e-01  -7.8369702e-01
   6.0674555e-01   1.3340166e-01  -7.8362217e-01
   6.0701143e-01   1.3346012e-01  -7.8340624e-01
   6.0716373e-01   1.3349360e-01  -7.8328249e-01
   6.0718266e-01   1.3349776e-01  -7.8326709e-01
   6.0757108e-01   1.3358316e-01  -7.8295129e-01
   6.0762027e-01   1.3359398e-01  -7.8291125e-01
   6.0794726e-01   1.3366587e-01  -7.8264515e-01
   6.0822090e-01   1.3372604e-01  -7.8242225e-01
   6.0477164e-01   1.3296767e-01  -7.8522016e-01
   6.0504194e-01   1.3302710e-01  -7.8500180e-01
   6.0530295e-01   1.3308448e-01  -7.8479083e-01
   6.0543891e-01   1.3311438e-01  -7.8468090e-01
   6.0568484e-01   1.3316845e-01  -7.8448192e-01
   6.0589680e-01   1.3321505e-01  -7.8431026e-01
   6.0603360e-01   1.3324513e-01  -7.8419948e-01
   6.0622245e-01   1.3328665e-01  -7.8404643e-01
   6.0644235e-01   1.3333500e-01  -7.8386810e-01
   6.0692108e-01   1.3344025e-01  -7.8347962e-01
   6.0696076e-01   1.3344898e-01  -7.8344736e-01
   6.0732000e-01   1.3352796e-01  -7.8315550e-01
   6.0728345e-01   1.3351992e-01  -7.8318519e-01
   6.0755545e-01   1.3357973e-01  -7.8296409e-01
   6.0789946e-01   1.3365536e-01  -7.8268410e-01
   6.0758187e-01   1.3358554e-01  -7.8294259e-01
   6.0817242e-01   1.3371538e-01  -7.8246168e-01
   6.0829665e-01   1.3374269e-01  -7.8236047e-01
   6.0849055e-01   1.3378532e-01  -7.8220232e-01
   6.0859889e-01   1.3380914e-01  -7.8211402e-01
   6.0882607e-01   1.3385909e-01  -7.8192857e-01
   6.0901923e-01   1.3390156e-01  -7.8177091e-01
   6.0913499e-01   1.3392701e-01  -7.8167627e-01
   6.0926595e-01   1.3395581e-01  -7.8156936e-01
   6.0599216e-01   1.3323602e-01  -7.8423302e-01
   6.0643989e-01   1.3333446e-01  -7.8387018e-01
   6.0694201e-01   1.3344486e-01  -7.8346272e-01
   6.0626657e-01   1.3329635e-01  -7.8401066e-01
   6.0674218e-01   1.3340092e-01  -7.8362487e-01
   6.0705728e-01   1.3347020e-01  -7.8336900e-01
   6.0733042e-01   1.3353025e-01  -7.8314704e-01
   6.0736297e-01   1.3353741e-01  -7.8312057e-01
   6.0756325e-01   1.3358144e-01  -7.8295770e-01
   6.0762070e-01   1.3359408e-01  -7.8291094e-01
   6.0780807e-01   1.3363527e-01  -7.8275843e-01
   6.0807656e-01   1.3369430e-01  -7.8253980e-01
   6.0850354e-01   1.3378818e-01  -7.8219183e-01
   6.0863856e-01   1.3381787e-01  -7.8208166e-01
   6.0884214e-01   1.3386263e-01  -7.8191550e-01
   6.0907033e-01   1.3391280e-01  -7.8172902e-01
   6.0888582e-01   1.3387223e-01  -7.8187994e-01
   6.0951014e-01   1.3400950e-01  -7.8136969e-01
   6.0983500e-01   1.3408092e-01  -7.8110398e-01
   6.0993071e-01   1.3410196e-01  -7.8102562e-01
   6.1004324e-01   1.3412671e-01  -7.8093342e-01
   6.1006612e-01   1.3413174e-01  -7.8091470e-01
   6.1004310e-01   1.3412667e-01  -7.8093358e-01
   6.1013687e-01   1.3414729e-01  -7.8085678e-01
   6.0727435e-01   1.3351793e-01  -7.8319266e-01
   6.0760636e-01   1.3359092e-01  -7.8292256e-01
   6.0789664e-01   1.3365474e-01  -7.8268634e-01
   6.0805992e-01   1.3369064e-01  -7.8255339e-01
   6.0843417e-01   1.3377293e-01  -7.8224833e-01
   6.0859683e-01   1.3380869e-01  -7.8211570e-01
   6.0871694e-01   1.3383510e-01  -7.8201768e-01
   6.0887787e-01   1.3387048e-01  -7.8188632e-01
   6.0902808e-01   1.3390351e-01  -7.8176368e-01
   6.0928613e-01   1.3396024e-01  -7.8155285e-01
   6.0949647e-01   1.3400649e-01  -7.8138094e-01
   6.0968846e-01   1.3404870e-01  -7.8122394e-01
   6.1004477e-01   1.3412704e-01  -7.8093226e-01
   6.0995044e-01   1.3410630e-01  -7.8100952e-01
   6.1017869e-01   1.3415649e-01  -7.8082257e-01
   6.1039683e-01   1.3420445e-01  -7.8064379e-01
   6.1047638e-01   1.3422194e-01  -7.8057862e-01
   6.1068949e-01   1.3426879e-01  -7.8040375e-01
   6.1090799e-01   1.3431683e-01  -7.8022444e-01
   6.1116314e-01   1.3437293e-01  -7.8001494e-01
   6.1116450e-01   1.3437323e-01  -7.8001386e-01
   6.1156149e-01   1.3446051e-01  -7.7968755e-01
   6.0852971e-01   1.3379393e-01  -7.8217044e-01
   6.0852101e-01   1.3379202e-01  -7.8217759e-01
   6.0840814e-01   1.3376720e-01  -7.8226961e-01
   6.0873258e-01   1.3383854e-01  -7.8200489e-01
   6.0927439e-01   1.3395766e-01  -7.8156248e-01
   6.0907351e-01   1.3391350e-01  -7.8172656e-01
   6.0914065e-01   1.3392826e-01  -7.8167169e-01
   6.0957118e-01   1.3402292e-01  -7.8131980e-01
   6.0955531e-01   1.3401943e-01  -7.8133275e-01
   6.0978828e-01   1.3407065e-01  -7.8114217e-01
   6.1001286e-01   1.3412003e-01  -7.8095832e-01
   6.1053408e-01   1.3423462e-01  -7.8053122e-01
   6.1059085e-01   1.3424711e-01  -7.8048465e-01
   6.1093674e-01   1.3432315e-01  -7.8020087e-01
   6.1130927e-01   1.3440506e-01  -7.7989496e-01
   6.1135146e-01   1.3441434e-01  -7.7986029e-01
   6.1145832e-01   1.3443783e-01  -7.7977242e-01
   6.1147292e-01   1.3444104e-01  -7.7976042e-01
   6.1138334e-01   1.3442134e-01  -7.7983405e-01
   6.1171993e-01   1.3449535e-01  -7.7955726e-01
   6.1208089e-01   1.3457471e-01  -7.7926011e-01
   6.1197539e-01   1.3455152e-01  -7.7934705e-01
   6.1227109e-01   1.3461653e-01  -7.7910353e-01
   6.1244523e-01   1.3465482e-01  -7.7896006e-01
   6.1255657e-01   1.3467930e-01  -7.7886827e-01
   6.0946393e-01   1.3399933e-01  -7.8140758e-01
   6.0974525e-01   1.3406119e-01  -7.8117745e-01
   6.0936973e-01   1.3397862e-01  -7.8148457e-01
   6.0951024e-01   1.3400952e-01  -7.8136970e-01
   6.0968095e-01   1.3404705e-01  -7.8123007e-01
   6.0995756e-01   1.3410787e-01  -7.8100358e-01
   6.1009794e-01   1.3413873e-01  -7.8088864e-01
   6.1046786e-01   1.3422006e-01  -7.8058557e-01
   6.1076685e-01   1.3428580e-01  -7.8034030e-01
   6.1102025e-01   1.3434151e-01  -7.8013237e-01
   6.1081191e-01   1.3429571e-01  -7.8030328e-01
   6.1084839e-01   1.3430373e-01  -7.8027339e-01
   6.1124120e-01   1.3439009e-01  -7.7995069e-01
   6.1170554e-01   1.3449219e-01  -7.7956915e-01
   6.1188714e-01   1.3453211e-01  -7.7941964e-01
   6.1184380e-01   1.3452258e-01  -7.7945531e-01
   6.1190235e-01   1.3453546e-01  -7.7940720e-01
   6.1204476e-01   1.3456677e-01  -7.7928994e-01
   6.1215829e-01   1.3459173e-01  -7.7919655e-01
   6.1262175e-01   1.3469363e-01  -7.7881458e-01
   6.1276544e-01   1.3472522e-01  -7.7869600e-01
   6.1303655e-01   1.3478483e-01  -7.7847223e-01
   6.1309186e-01   1.3479699e-01  -7.7842657e-01
   6.1318423e-01   1.3481730e-01  -7.7835025e-01
   6.1351691e-01   1.3489044e-01  -7.7807541e-01
   6.1032469e-01   1.3418859e-01  -7.8070295e-01
   6.1052934e-01   1.3423358e-01  -7.8053515e-01
   6.1014506e-01   1.3414909e-01  -7.8085009e-01
   6.1036849e-01   1.3419822e-01  -7.8066696e-01
   6.1061434e-01   1.3425227e-01  -7.8046542e-01
   6.1082188e-01   1.3429790e-01  -7.8029515e-01
   6.1087707e-01   1.3431003e-01  -7.8024988e-01
   6.1123480e-01   1.3438869e-01  -7.7995613e-01
   6.1150503e-01   1.3444810e-01  -7.7973399e-01
   6.1190021e-01   1.3453499e-01  -7.7940894e-01
   6.1190006e-01   1.3453495e-01  -7.7940907e-01
   6.1199878e-01   1.3455666e-01  -7.7932777e-01
   6.1223342e-01   1.3460825e-01  -7.7913453e-01
   6.1253221e-01   1.3467394e-01  -7.7888842e-01
   6.1238301e-01   1.3464114e-01  -7.7901141e-01
   6.1241598e-01   1.3464839e-01  -7.7898422e-01
   6.1238200e-01   1.3464091e-01  -7.7901226e-01
   6.1355237e-01   1.3489824e-01  -7.7804621e-01
   6.1376663e-01   1.3494535e-01  -7.7786894e-01
   6.1395620e-01   1.3498703e-01  -7.7771203e-01
   6.1402448e-01   1.3500204e-01  -7.7765552e-01
   6.1419971e-01   1.3504056e-01  -7.7751048e-01
   6.1442113e-01   1.3508925e-01  -7.7732701e-01
   6.1458599e-01   1.3512549e-01  -7.7719047e-01
   6.1122154e-01   1.3438577e-01  -7.7996695e-01
   6.1169396e-01   1.3448964e-01  -7.7957871e-01
   6.1196125e-01   1.3454841e-01  -7.7935877e-01
   6.1181433e-01   1.3451610e-01  -7.7947954e-01
   6.1202513e-01   1.3456245e-01  -7.7930593e-01
   6.1191299e-01   1.3453780e-01  -7.7939848e-01
   6.1224900e-01   1.3461167e-01  -7.7912181e-01
   6.1452690e-01   1.3511250e-01  -7.7723945e-01
   6.1450810e-01   1.3510837e-01  -7.7725508e-01
   6.1502121e-01   1.3522118e-01  -7.7682944e-01
   6.1524582e-01   1.3527057e-01  -7.7664291e-01
   6.1527041e-01   1.3527597e-01  -7.7662250e-01
   6.1541700e-01   1.3530820e-01  -7.7650068e-01
   6.1550393e-01   1.3532732e-01  -7.7642855e-01
   6.1550528e-01   1.3532761e-01  -7.7642739e-01
   6.1240270e-01   1.3464547e-01  -7.7899513e-01
   6.1269937e-01   1.3471069e-01  -7.7875056e-01
   6.1302404e-01   1.3478208e-01  -7.7848265e-01
   6.1321740e-01   1.3482459e-01  -7.7832297e-01
   6.1611559e-01   1.3546180e-01  -7.7591971e-01
   6.1622210e-01   1.3548522e-01  -7.7583108e-01
   6.1622921e-01   1.3548678e-01  -7.7582522e-01
   6.1654245e-01   1.3555565e-01  -7.7556425e-01
   6.1679401e-01   1.3561096e-01  -7.7535453e-01
   6.1349983e-01   1.3488669e-01  -7.7808963e-01
   6.1383053e-01   1.3495940e-01  -7.7781609e-01
   6.1401629e-01   1.3500024e-01  -7.7766229e-01
   6.1430278e-01   1.3506322e-01  -7.7742522e-01
   6.1441077e-01   1.3508697e-01  -7.7733575e-01
   6.1450089e-01   1.3510678e-01  -7.7726105e-01
   6.1720761e-01   1.3570189e-01  -7.7500946e-01
   6.1709382e-01   1.3567688e-01  -7.7510440e-01
   6.1738290e-01   1.3574043e-01  -7.7486305e-01
   6.1726516e-01   1.3571455e-01  -7.7496139e-01
   6.1732538e-01   1.3572779e-01  -7.7491100e-01
   6.1784534e-01   1.3584211e-01  -7.7447648e-01
   6.1516830e-01   1.3525352e-01  -7.7670736e-01
   6.1511777e-01   1.3524241e-01  -7.7674927e-01
   6.1556931e-01   1.3534169e-01  -7.7637422e-01
   6.1565780e-01   1.3536115e-01  -7.7630070e-01
   6.1610740e-01   1.3546000e-01  -7.7592667e-01
   6.1768106e-01   1.3580599e-01  -7.7461395e-01
   6.1766977e-01   1.3580351e-01  -7.7462339e-01
   6.1765504e-01   1.3580027e-01  -7.7463567e-01
   6.1781181e-01   1.3583474e-01  -7.7450449e-01
   6.1807857e-01   1.3589339e-01  -7.7428138e-01
   6.1822945e-01   1.3592656e-01  -7.7415515e-01
   6.1835214e-01   1.3595354e-01  -7.7405237e-01
   6.1843515e-01   1.3597179e-01  -7.7398288e-01
   6.1835094e-01   1.3595327e-01  -7.7405341e-01
   6.1850530e-01   1.3598721e-01  -7.7392400e-01
   6.1892092e-01   1.3607859e-01  -7.7357566e-01
   6.1904935e-01   1.3610683e-01  -7.7346798e-01
   6.1933210e-01   1.3616899e-01  -7.7323066e-01
   6.1610623e-01   1.3545974e-01  -7.7592757e-01
   6.1608008e-01   1.3545399e-01  -7.7594930e-01
   6.1660888e-01   1.3557025e-01  -7.7550888e-01
   6.1696274e-01   1.3564806e-01  -7.7521385e-01
   6.1701742e-01   1.3566008e-01  -7.7516820e-01
   6.1842584e-01   1.3596974e-01  -7.7399052e-01
   6.1860428e-01   1.3600897e-01  -7.7384116e-01
   6.1880604e-01   1.3605333e-01  -7.7367197e-01
   6.1913134e-01   1.3612485e-01  -7.7339916e-01
   6.1904376e-01   1.3610560e-01  -7.7347258e-01
   6.1938994e-01   1.3618171e-01  -7.7318192e-01
   6.1940708e-01   1.3618548e-01  -7.7316766e-01
   6.1981639e-01   1.3627547e-01  -7.7282364e-01
   6.1985697e-01   1.3628439e-01  -7.7278950e-01
   6.2010627e-01   1.3633921e-01  -7.7257978e-01
   6.2042033e-01   1.3640826e-01  -7.7231534e-01
   6.2049850e-01   1.3642544e-01  -7.7224963e-01
   6.1704148e-01   1.3566537e-01  -7.7514806e-01
   6.1713189e-01   1.3568525e-01  -7.7507262e-01
   6.1734256e-01   1.3573157e-01  -7.7489672e-01
   6.1798470e-01   1.3587275e-01  -7.7436002e-01
   6.1786043e-01   1.3584543e-01  -7.7446393e-01
   6.1967851e-01   1.3624516e-01  -7.7293955e-01
   6.1947215e-01   1.3619979e-01  -7.7311303e-01
   6.1971101e-01   1.3625230e-01  -7.7291226e-01
   6.2008889e-01   1.3633538e-01  -7.7259440e-01
   6.2016100e-01   1.3635124e-01  -7.7253375e-01
   6.2050892e-01   1.3642773e-01  -7.7224087e-01
   6.2088748e-01   1.3651097e-01  -7.7192172e-01
   6.2102976e-01   1.3654225e-01  -7.7180175e-01
   6.2131443e-01   1.3660484e-01  -7.7156147e-01
   6.2125891e-01   1.3659263e-01  -7.7160841e-01
   6.2123845e-01   1.3658813e-01  -7.7162572e-01
   6.2139209e-01   1.3662191e-01  -7.7149605e-01
   6.2160500e-01   1.3666872e-01  -7.7131625e-01
   6.2182882e-01   1.3671793e-01  -7.7112708e-01
   6.1809085e-01   1.3589609e-01  -7.7427115e-01
   6.1802361e-01   1.3588130e-01  -7.7432742e-01
   6.1800525e-01   1.3587727e-01  -7.7434273e-01
   6.1844054e-01   1.3597297e-01  -7.7397834e-01
   6.1835039e-01   1.3595315e-01  -7.7405386e-01
   6.1834040e-01   1.3595095e-01  -7.7406215e-01
   6.1978321e-01   1.3626818e-01  -7.7285170e-01
   6.2019112e-01   1.3635786e-01  -7.7250848e-01
   6.2031786e-01   1.3638573e-01  -7.7240184e-01
   6.2070029e-01   1.3646981e-01  -7.7207966e-01
   6.2078340e-01   1.3648808e-01  -7.7200964e-01
   6.2089178e-01   1.3651191e-01  -7.7191828e-01
   6.2131396e-01   1.3660473e-01  -7.7156185e-01
   6.2113397e-01   1.3656516e-01  -7.7171397e-01
   6.2151903e-01   1.3664982e-01  -7.7138885e-01
   6.2176561e-01   1.3670404e-01  -7.7118049e-01
   6.2215380e-01   1.3678938e-01  -7.7085225e-01
   6.2208200e-01   1.3677360e-01  -7.7091297e-01
   6.2226942e-01   1.3681480e-01  -7.7075429e-01
   6.2201447e-01   1.3675875e-01  -7.7097007e-01
   6.2213430e-01   1.3678510e-01  -7.7086863e-01
   6.2231995e-01   1.3682591e-01  -7.7071158e-01
   6.2273721e-01   1.3691765e-01  -7.7035819e-01
   6.1859650e-01   1.3600726e-01  -7.7384769e-01
   6.1904716e-01   1.3610635e-01  -7.7346975e-01
   6.1894850e-01   1.3608465e-01  -7.7355256e-01
   6.1957759e-01   1.3622297e-01  -7.7302447e-01
   6.2009380e-01   1.3633647e-01  -7.7259044e-01
   6.2019188e-01   1.3635803e-01  -7.7250790e-01
   6.2035713e-01   1.3639436e-01  -7.7236876e-01
   6.2067064e-01   1.3646329e-01  -7.7210470e-01
   6.2063051e-01   1.3645447e-01  -7.7213847e-01
   6.2102092e-01   1.3654030e-01  -7.7180930e-01
   6.2118037e-01   1.3657536e-01  -7.7167480e-01
   6.2139773e-01   1.3662315e-01  -7.7149131e-01
   6.2197221e-01   1.3674946e-01  -7.7100593e-01
   6.2259859e-01   1.3688718e-01  -7.7047567e-01
   6.2247167e-01   1.3685927e-01  -7.7058319e-01
   6.2257071e-01   1.3688105e-01  -7.7049931e-01
   6.2332327e-01   1.3704651e-01  -7.6986120e-01
   6.2340378e-01   1.3706421e-01  -7.6979277e-01
   6.2334652e-01   1.3705162e-01  -7.6984140e-01
   6.2364078e-01   1.3711632e-01  -7.6959147e-01
   6.2376803e-01   1.3714430e-01  -7.6948337e-01
   6.1978724e-01   1.3626906e-01  -7.7284819e-01
   6.1998901e-01   1.3631343e-01  -7.7267848e-01
   6.2015290e-01   1.3634946e-01  -7.7254063e-01
   6.2049500e-01   1.3642467e-01  -7.7225258e-01
   6.2031397e-01   1.3638487e-01  -7.7240510e-01
   6.2069506e-01   1.3646866e-01  -7.7208403e-01
   6.2091972e-01   1.3651805e-01  -7.7189468e-01
   6.2104746e-01   1.3654614e-01  -7.7178696e-01
   6.2146142e-01   1.3663715e-01  -7.7143754e-01
   6.2135582e-01   1.3661394e-01  -7.7152672e-01
   6.2151915e-01   1.3664985e-01  -7.7138875e-01
   6.2169270e-01   1.3668801e-01  -7.7124213e-01
   6.2173539e-01   1.3669739e-01  -7.7120607e-01
   6.2182732e-01   1.3671760e-01  -7.7112837e-01
   6.2221209e-01   1.3680220e-01  -7.7080293e-01
   6.2242296e-01   1.3684856e-01  -7.7062441e-01
   6.2263327e-01   1.3689480e-01  -7.7044629e-01
   6.2290999e-01   1.3695564e-01  -7.7021169e-01
   6.2369958e-01   1.3712925e-01  -7.6954159e-01
   6.2421734e-01   1.3724308e-01  -7.6910144e-01
   6.2425219e-01   1.3725075e-01  -7.6907169e-01
   6.2456336e-01   1.3731916e-01  -7.6880677e-01
   6.2462959e-01   1.3733372e-01  -7.6875034e-01
   6.2498098e-01   1.3741098e-01  -7.6845090e-01
   6.2531108e-01   1.3748356e-01  -7.6816940e-01
   6.2554154e-01   1.3753423e-01  -7.6797271e-01
   6.2567445e-01   1.3756345e-01  -7.6785919e-01
   6.2049101e-01   1.3642380e-01  -7.7225593e-01
   6.2208237e-01   1.3677368e-01  -7.7091263e-01
   6.2208412e-01   1.3677406e-01  -7.7091111e-01
   6.2216158e-01   1.3679110e-01  -7.7084562e-01
   6.2280207e-01   1.3693192e-01  -7.7030321e-01
   6.2307097e-01   1.3699104e-01  -7.7007521e-01
   6.2317729e-01   1.3701441e-01  -7.6998500e-01
   6.2383799e-01   1.3715968e-01  -7.6942404e-01
   6.2418052e-01   1.3723499e-01  -7.6913268e-01
   6.2437858e-01   1.3727853e-01  -7.6896399e-01
   6.2440012e-01   1.3728327e-01  -7.6894582e-01
   6.2501596e-01   1.3741867e-01  -7.6842115e-01
   6.2522319e-01   1.3746423e-01  -7.6824438e-01
   6.2543986e-01   1.3751187e-01  -7.6805946e-01
   6.2576499e-01   1.3758336e-01  -7.6778172e-01
   6.2611999e-01   1.3766141e-01  -7.6747828e-01
   6.2616021e-01   1.3767025e-01  -7.6744386e-01
   6.2603571e-01   1.3764288e-01  -7.6755037e-01
   6.2638219e-01   1.3771906e-01  -7.6725396e-01
   6.2642714e-01   1.3772894e-01  -7.6721550e-01
   6.2647149e-01   1.3773869e-01  -7.6717756e-01
   6.2353579e-01   1.3709323e-01  -7.6968073e-01
   6.2369034e-01   1.3712722e-01  -7.6954943e-01
   6.2404781e-01   1.3720581e-01  -7.6924555e-01
   6.2415331e-01   1.3722900e-01  -7.6915582e-01
   6.2670079e-01   1.3778911e-01  -7.6698117e-01
   6.2657837e-01   1.3776219e-01  -7.6708599e-01
   6.2654515e-01   1.3775489e-01  -7.6711450e-01
   6.2669971e-01   1.3778887e-01  -7.6698203e-01
   6.2717354e-01   1.3789305e-01  -7.6657591e-01
   6.2730889e-01   1.3792280e-01  -7.6645988e-01
   6.2451249e-01   1.3730798e-01  -7.6885012e-01
   6.2469696e-01   1.3734853e-01  -7.6869304e-01
   6.2475608e-01   1.3736153e-01  -7.6864261e-01
   6.2482698e-01   1.3737712e-01  -7.6858214e-01
   6.2495669e-01   1.3740564e-01  -7.6847166e-01
   6.2543083e-01   1.3750989e-01  -7.6806711e-01
   6.2573978e-01   1.3757781e-01  -7.6780333e-01
   6.2619553e-01   1.3767802e-01  -7.6741368e-01
   6.2658554e-01   1.3776377e-01  -7.6707994e-01
   6.2680077e-01   1.3781109e-01  -7.6689558e-01
   6.2690832e-01   1.3783473e-01  -7.6680344e-01
   6.2732695e-01   1.3792678e-01  -7.6644433e-01
   6.2722704e-01   1.3790481e-01  -7.6653005e-01
   6.2783250e-01   1.3803793e-01  -7.6601018e-01
   6.2752323e-01   1.3796993e-01  -7.6627588e-01
   6.2757033e-01   1.3798029e-01  -7.6623549e-01
   6.2565241e-01   1.3755860e-01  -7.6787796e-01
   6.2632933e-01   1.3770743e-01  -7.6729919e-01
   6.2687457e-01   1.3782731e-01  -7.6683233e-01
   6.2704656e-01   1.3786513e-01  -7.6668491e-01
   6.2722654e-01   1.3790470e-01  -7.6653057e-01
   6.2773393e-01   1.3801626e-01  -7.6609496e-01
   6.2838036e-01   1.3815838e-01  -7.6553917e-01
   6.2838408e-01   1.3815920e-01  -7.6553599e-01
   6.2856310e-01   1.3819856e-01  -7.6538196e-01
   6.2895437e-01   1.3828459e-01  -7.6504489e-01
   6.2896583e-01   1.3828711e-01  -7.6503498e-01
   6.2666967e-01   1.3778226e-01  -7.6700786e-01
   6.2682219e-01   1.3781580e-01  -7.6687723e-01
   6.2687108e-01   1.3782655e-01  -7.6683531e-01
   6.2704545e-01   1.3786488e-01  -7.6668578e-01
   6.2763892e-01   1.3799537e-01  -7.6617661e-01
   6.2965724e-01   1.3843912e-01  -7.6443849e-01
   6.2947510e-01   1.3839908e-01  -7.6459563e-01
   6.2958936e-01   1.3842420e-01  -7.6449697e-01
   6.2769134e-01   1.3800689e-01  -7.6613155e-01
   6.2769046e-01   1.3800670e-01  -7.6613220e-01
   6.2780353e-01   1.3803156e-01  -7.6603513e-01
   6.2849616e-01   1.3818384e-01  -7.6543954e-01
   6.2858743e-01   1.3820391e-01  -7.6536103e-01
   6.2888403e-01   1.3826912e-01  -7.6510550e-01
   6.2908530e-01   1.3831337e-01  -7.6493202e-01
   6.2892376e-01   1.3827786e-01  -7.6507130e-01
   6.3000286e-01   1.3851511e-01  -7.6413997e-01
   6.3023699e-01   1.3856659e-01  -7.6393753e-01
   6.3049407e-01   1.3862311e-01  -7.6371512e-01
   6.2850149e-01   1.3818501e-01  -7.6543500e-01
   6.2875611e-01   1.3824100e-01  -7.6521572e-01
   6.2893199e-01   1.3827967e-01  -7.6506416e-01
   6.2914317e-01   1.3832610e-01  -7.6488211e-01
   6.2956447e-01   1.3841873e-01  -7.6451862e-01
   6.2961851e-01   1.3843061e-01  -7.6447198e-01
   6.3030089e-01   1.3858064e-01  -7.6388230e-01
   6.3095499e-01   1.3872445e-01  -7.6331596e-01
   6.3071159e-01   1.3867094e-01  -7.6352685e-01
   6.3031799e-01   1.3858440e-01  -7.6386738e-01
   6.3055865e-01   1.3863731e-01  -7.6365908e-01
   6.3057258e-01   1.3864037e-01  -7.6364713e-01
   6.3147619e-01   1.3883905e-01  -7.6286392e-01
   6.3128370e-01   1.3879672e-01  -7.6303097e-01
   6.3141954e-01   1.3882659e-01  -7.6291307e-01
   6.3148219e-01   1.3884036e-01  -7.6285876e-01
   6.3174209e-01   1.3889751e-01  -7.6263305e-01
   6.3204089e-01   1.3896320e-01  -7.6237349e-01
   6.3216855e-01   1.3899127e-01  -7.6226262e-01
   6.3207097e-01   1.3896982e-01  -7.6234734e-01
   6.3290033e-01   1.3915216e-01  -7.6162561e-01
   6.3381477e-01   1.3935321e-01  -7.6082817e-01
   6.3398954e-01   1.3939164e-01  -7.6067545e-01
   6.3434817e-01   1.3947049e-01  -7.6036199e-01
   5.8925838e-01   1.2955686e-01  -7.9748954e-01
   5.8948957e-01   1.2960769e-01  -7.9731040e-01
   5.8971952e-01   1.2965825e-01  -7.9713211e-01
   5.8994742e-01   1.2970835e-01  -7.9695531e-01
   5.9112008e-01   1.2996618e-01  -7.9604382e-01
   5.9236490e-01   1.3023987e-01  -7.9507320e-01
   5.9512112e-01   1.3084586e-01  -7.9291246e-01
   6.0414802e-01   1.3283056e-01  -7.8572336e-01
   6.0529644e-01   1.3308305e-01  -7.8479622e-01
   6.0812479e-01   1.3370491e-01  -7.8250063e-01
   6.0909282e-01   1.3391774e-01  -7.8171089e-01
   6.0987682e-01   1.3409012e-01  -7.8106983e-01
   6.1317921e-01   1.3481619e-01  -7.7835455e-01
   6.1454946e-01   1.3511746e-01  -7.7722083e-01
   6.1742810e-01   1.3575037e-01  -7.7482538e-01
