1.2109000e+02   2.2770000e+01   2.7454896e+00   3.7427631e+00
1.2109000e+02   2.2780000e+01   4.2200936e+00   3.8890629e+00
1.2109000e+02   2.2790000e+01   5.0891394e+00   3.4830466e+00
1.2110000e+02   2.2850000e+01   9.0655597e+00   6.6295341e+00
1.2111000e+02   2.2870000e+01   1.0799315e+01   7.4185566e+00
1.2112000e+02   2.2880000e+01   1.1932948e+01   6.5961063e+00
1.2113000e+02   2.2890000e+01   5.8805348e+00   6.3406186e+00
1.2115000e+02   2.2900000e+01   8.0393105e+00   7.5753158e+00
1.2116000e+02   2.2910000e+01   9.0880908e+00   6.1976808e+00
1.2116000e+02   2.2920000e+01   2.7700499e+00   7.4205521e+00
1.2117000e+02   2.2950000e+01   8.5800566e-01   6.8451001e+00
1.2118000e+02   2.3020000e+01   1.4935708e+00   6.4873189e+00
1.2119000e+02   2.3040000e+01   7.7104526e+00   6.8557101e+00
1.2121000e+02   2.3060000e+01  -3.5795164e+00   6.5612729e+00
1.2124000e+02   2.3150000e+01   7.3978863e-01   5.0236174e+00
1.2126000e+02   2.3180000e+01   1.0843916e+01   4.8713225e+00
1.2128000e+02   2.3220000e+01   9.5181566e+00   6.0452235e+00
1.2138000e+02   2.3430000e+01   1.3288185e+01   3.2050015e+00
1.2139000e+02   2.3470000e+01   7.5210205e+00   5.7923776e+00
1.2139000e+02   2.3480000e+01   7.7360314e-01   4.8745374e+00
1.2140000e+02   2.3490000e+01   3.4758037e-01   5.1948814e+00
1.2098000e+02   2.2860000e+01   1.8506608e+01   6.8866954e+00
1.2099000e+02   2.2850000e+01   1.5873878e+01   5.4309506e+00
1.2099000e+02   2.2860000e+01   1.7005171e+01   6.8016869e+00
1.2100000e+02   2.2790000e+01   1.2738776e+01   7.1993373e+00
1.2100000e+02   2.2800000e+01   1.2146326e+01   5.2881249e+00
1.2100000e+02   2.2810000e+01   1.2168118e+01   5.4759885e+00
1.2100000e+02   2.2850000e+01   1.3854644e+01   6.0000684e+00
1.2100000e+02   2.2860000e+01   1.5546209e+01   6.6825890e+00
1.2100000e+02   2.2870000e+01   1.5283624e+01   6.5666336e+00
1.2100000e+02   2.2880000e+01   1.6624300e+01   6.5758013e+00
1.2101000e+02   2.2770000e+01   1.1751610e+01   6.0009249e+00
1.2101000e+02   2.2800000e+01   1.0189169e+01   5.4299594e+00
1.2101000e+02   2.2810000e+01   8.9327777e+00   7.2781569e+00
1.2101000e+02   2.2850000e+01   6.0632256e+00   6.5193268e+00
1.2101000e+02   2.2860000e+01   1.2445474e+01   6.9599840e+00
1.2101000e+02   2.2870000e+01   1.2652983e+01   7.3456255e+00
1.2101000e+02   2.2880000e+01   1.5456964e+01   6.9927098e+00
1.2102000e+02   2.2770000e+01   1.0003585e+01   5.8532054e+00
1.2102000e+02   2.2790000e+01   8.8559495e+00   5.6683880e+00
1.2102000e+02   2.2800000e+01   9.9161170e+00   5.8925058e+00
1.2102000e+02   2.2810000e+01   8.6117829e+00   8.0690344e+00
1.2102000e+02   2.2870000e+01   1.0857932e+01   7.3248903e+00
1.2103000e+02   2.2770000e+01   7.4527420e+00   4.3283905e+00
1.2103000e+02   2.2780000e+01   7.5703214e+00   5.3280803e+00
1.2103000e+02   2.2790000e+01   9.2788307e+00   5.5646671e+00
1.2104000e+02   2.2770000e+01   5.6725063e+00   3.3312812e+00
1.2104000e+02   2.2810000e+01  -3.2214728e+00   6.9417818e+00
1.2104000e+02   2.2860000e+01   4.6180075e+00   7.4715306e+00
1.2104000e+02   2.3170000e+01   1.4947129e+01   6.1079950e+00
1.2105000e+02   2.2770000e+01   3.3222475e+00   3.3097862e+00
1.2105000e+02   2.2780000e+01   8.8999061e-01   5.5753237e+00
1.2105000e+02   2.2810000e+01  -3.4654026e-01   6.8267880e+00
1.2105000e+02   2.2860000e+01   2.9610761e+00   7.3928156e+00
1.2105000e+02   2.2870000e+01   1.2350785e+00   7.4698517e+00
1.2105000e+02   2.2880000e+01   2.3166758e+00   7.0804739e+00
1.2105000e+02   2.2890000e+01   1.6952266e+00   8.0584221e+00
1.2105000e+02   2.3160000e+01   9.0824230e+00   6.2331375e+00
1.2105000e+02   2.3170000e+01   1.3709559e+01   5.6434985e+00
1.2106000e+02   2.2770000e+01   4.0374920e+00   3.5914786e+00
1.2106000e+02   2.2780000e+01   2.6406687e+00   4.5663675e+00
1.2106000e+02   2.2790000e+01   1.6093743e+00   5.1231478e+00
1.2106000e+02   2.2800000e+01   2.7928638e+00   4.8443795e+00
1.2106000e+02   2.2810000e+01   2.6565741e+00   5.3784367e+00
1.2106000e+02   2.2830000e+01  -2.8543082e+00   7.3686136e+00
1.2106000e+02   2.2840000e+01  -1.6713241e+00   7.4020721e+00
1.2106000e+02   2.2870000e+01   3.3474677e+00   7.4358072e+00
1.2106000e+02   2.2880000e+01   4.5413392e+00   7.2945261e+00
1.2106000e+02   2.2890000e+01   4.9227307e+00   7.4599817e+00
1.2106000e+02   2.2900000e+01   5.5898156e+00   7.5132859e+00
1.2106000e+02   2.2980000e+01   5.5682533e+00   7.3720324e+00
1.2106000e+02   2.2990000e+01   5.7201284e+00   7.3577023e+00
1.2106000e+02   2.3120000e+01   3.8294100e+00   7.5774319e+00
1.2106000e+02   2.3130000e+01   3.2810031e+00   7.4887250e+00
1.2106000e+02   2.3150000e+01   9.8192223e+00   7.2767569e+00
1.2106000e+02   2.3160000e+01   8.9746691e+00   7.0514647e+00
1.2107000e+02   2.2770000e+01   4.9757746e+00   3.7419376e+00
1.2107000e+02   2.2780000e+01   4.6407358e+00   4.3161569e+00
1.2107000e+02   2.2790000e+01   2.9621121e+00   4.2489994e+00
1.2107000e+02   2.2800000e+01   2.1567862e+00   4.5686396e+00
1.2107000e+02   2.2810000e+01   2.1342204e+00   5.3571298e+00
1.2107000e+02   2.2830000e+01   2.6803901e+00   6.4663041e+00
1.2107000e+02   2.2840000e+01   1.0718504e+00   6.7224460e+00
1.2107000e+02   2.2850000e+01   8.6965939e-01   7.0544234e+00
1.2107000e+02   2.2860000e+01   1.4285482e+00   7.8853878e+00
1.2107000e+02   2.2870000e+01   3.9389257e+00   7.8321372e+00
1.2107000e+02   2.2880000e+01   4.3500886e+00   8.0186308e+00
1.2107000e+02   2.2890000e+01   4.5480564e+00   7.6626005e+00
1.2107000e+02   2.2900000e+01   4.7000409e+00   7.7761693e+00
1.2107000e+02   2.2910000e+01   3.6258938e+00   8.0658897e+00
1.2107000e+02   2.2980000e+01   5.3270825e+00   7.4341618e+00
1.2107000e+02   2.2990000e+01   6.6580297e+00   7.6227018e+00
1.2107000e+02   2.3150000e+01   1.0212650e+01   7.3423135e+00
1.2107000e+02   2.3160000e+01   1.0307614e+01   7.2741647e+00
1.2108000e+02   2.2800000e+01   3.3893475e+00   4.2032212e+00
1.2108000e+02   2.2810000e+01   2.7110992e+00   4.6540816e+00
1.2108000e+02   2.2820000e+01   4.1476542e+00   5.3054104e+00
1.2108000e+02   2.2830000e+01   3.6288624e+00   5.8562807e+00
1.2108000e+02   2.2840000e+01   1.6640349e+00   6.2726577e+00
1.2108000e+02   2.2850000e+01  -1.3646372e-01   6.8796003e+00
1.2108000e+02   2.2860000e+01  -4.7280942e-01   7.0165906e+00
1.2108000e+02   2.2870000e+01  -3.1777961e+00   7.8967357e+00
1.2108000e+02   2.2880000e+01   1.5105468e+00   8.1499792e+00
1.2108000e+02   2.2890000e+01   2.0806438e+00   7.8325838e+00
1.2108000e+02   2.2900000e+01   2.4751367e+00   7.2344495e+00
1.2108000e+02   2.2910000e+01   2.5873398e+00   7.3488427e+00
1.2108000e+02   2.2970000e+01   4.7415474e+00   7.7392801e+00
1.2108000e+02   2.3120000e+01   1.1223809e+01   8.5028257e+00
1.2109000e+02   2.2860000e+01   3.4128509e+00   6.3964120e+00
1.2109000e+02   2.2870000e+01   2.0452690e+00   6.5781896e+00
1.2109000e+02   2.2880000e+01  -1.1664977e+00   6.9517896e+00
1.2109000e+02   2.2890000e+01  -1.7135582e-01   6.8932416e+00
1.2109000e+02   2.2900000e+01   8.3630075e-01   7.0453053e+00
1.2109000e+02   2.2910000e+01   9.4719918e-01   7.6474919e+00
1.2109000e+02   2.2920000e+01  -1.8858474e-01   7.8770427e+00
1.2109000e+02   2.2970000e+01  -1.2624797e+00   7.5433273e+00
1.2109000e+02   2.2980000e+01  -7.0750988e+00   8.4479788e+00
1.2110000e+02   2.2880000e+01   3.0626067e+00   6.6959368e+00
1.2110000e+02   2.2890000e+01   1.2526205e+00   6.7698546e+00
1.2110000e+02   2.2900000e+01   8.7060501e-01   6.8537542e+00
1.2110000e+02   2.2910000e+01   1.3546640e+00   7.6253871e+00
1.2110000e+02   2.2920000e+01   5.0352136e-01   7.9354831e+00
1.2110000e+02   2.2950000e+01  -9.7004596e+00   7.9194789e+00
1.2110000e+02   2.2960000e+01  -2.1883880e+00   7.1540358e+00
1.2110000e+02   2.2970000e+01  -1.2318803e+00   7.0491387e+00
1.2110000e+02   2.3140000e+01   1.0850358e+01   7.6776288e+00
1.2111000e+02   2.2900000e+01   4.7610613e+00   6.6069171e+00
1.2111000e+02   2.2910000e+01   4.3263483e+00   6.9735874e+00
1.2111000e+02   2.2920000e+01   4.5867890e+00   7.4868116e+00
1.2111000e+02   2.2930000e+01  -1.0290279e+00   7.2657275e+00
1.2111000e+02   2.2940000e+01  -3.7484283e+00   7.3824538e+00
1.2111000e+02   2.2960000e+01  -1.4798166e+00   6.5108607e+00
1.2111000e+02   2.2970000e+01  -2.1316512e+00   6.4583511e+00
1.2111000e+02   2.2980000e+01  -1.4940730e+00   7.1316768e+00
1.2111000e+02   2.3000000e+01  -3.5374323e+00   7.3449112e+00
1.2111000e+02   2.3010000e+01  -1.9910224e+00   7.4510557e+00
1.2111000e+02   2.3110000e+01   8.8158361e+00   7.9827528e+00
1.2112000e+02   2.2900000e+01   7.4308499e+00   6.6508223e+00
1.2112000e+02   2.2910000e+01   6.1392581e+00   6.8080849e+00
1.2112000e+02   2.2920000e+01   3.6195334e+00   7.1269455e+00
1.2112000e+02   2.2930000e+01   1.1357479e+00   7.0336239e+00
1.2112000e+02   2.2940000e+01  -4.7056557e-01   6.8686785e+00
1.2112000e+02   2.2950000e+01  -3.6184618e+00   7.1496744e+00
1.2112000e+02   2.2960000e+01  -2.4934048e+00   6.9001743e+00
1.2112000e+02   2.2970000e+01  -2.2381174e+00   6.3971467e+00
1.2112000e+02   2.2980000e+01  -7.1405944e-01   6.8905695e+00
1.2112000e+02   2.2990000e+01  -4.3692127e+00   6.8726058e+00
1.2112000e+02   2.3000000e+01  -3.4695721e+00   7.1857007e+00
1.2112000e+02   2.3010000e+01  -3.9966059e+00   6.8718434e+00
1.2112000e+02   2.3020000e+01  -8.1293064e+00   7.6390487e+00
1.2112000e+02   2.3110000e+01   6.9689503e+00   7.6474885e+00
1.2112000e+02   2.3120000e+01   5.8693371e+00   7.4496454e+00
1.2112000e+02   2.3130000e+01   5.9759042e+00   8.2696083e+00
1.2112000e+02   2.3140000e+01   5.6887560e+00   8.0606880e+00
1.2113000e+02   2.2900000e+01   5.6169170e+00   6.5451022e+00
1.2113000e+02   2.2910000e+01   4.2898187e+00   6.6094213e+00
1.2113000e+02   2.2920000e+01   2.4445475e+00   6.9277852e+00
1.2113000e+02   2.2930000e+01   2.5941256e+00   6.8672275e+00
1.2113000e+02   2.2940000e+01   7.7889102e-01   6.8637928e+00
1.2113000e+02   2.2950000e+01  -1.4372331e+00   6.6258478e+00
1.2113000e+02   2.2960000e+01  -7.1218006e-01   6.9849247e+00
1.2113000e+02   2.2970000e+01  -1.7078978e+00   6.7522772e+00
1.2113000e+02   2.2980000e+01  -2.4222957e+00   6.2503048e+00
1.2113000e+02   2.2990000e+01  -3.8957607e+00   6.5424162e+00
1.2113000e+02   2.3000000e+01  -3.6507745e+00   6.7510037e+00
1.2113000e+02   2.3010000e+01  -4.1760575e+00   6.6839386e+00
1.2113000e+02   2.3130000e+01   5.3722321e+00   8.2674155e+00
1.2113000e+02   2.3140000e+01   4.7483056e+00   8.2129533e+00
1.2114000e+02   2.2910000e+01   3.8754261e+00   6.7122180e+00
1.2114000e+02   2.2920000e+01   2.0614533e+00   6.7070557e+00
1.2114000e+02   2.2930000e+01   1.7234077e+00   6.4948324e+00
1.2114000e+02   2.2940000e+01   6.7055602e-01   6.4825823e+00
1.2114000e+02   2.2950000e+01  -4.5612095e-01   6.6188807e+00
1.2114000e+02   2.2960000e+01  -4.1153075e-01   6.8193765e+00
1.2114000e+02   2.2970000e+01  -7.8516749e-01   6.6365449e+00
1.2114000e+02   2.2980000e+01  -1.5870161e+00   5.9882489e+00
1.2114000e+02   2.2990000e+01  -2.9584792e+00   6.1677992e+00
1.2114000e+02   2.3000000e+01  -2.9659106e+00   6.5387758e+00
1.2114000e+02   2.3010000e+01  -1.9179064e+00   6.4986018e+00
1.2114000e+02   2.3020000e+01  -4.4274330e+00   7.2376615e+00
1.2114000e+02   2.3030000e+01  -3.8608497e+00   7.1676432e+00
1.2114000e+02   2.3040000e+01  -2.2636433e+00   7.1855203e+00
1.2114000e+02   2.3050000e+01  -2.3103427e+00   7.8631384e+00
1.2114000e+02   2.3130000e+01   4.4587772e+00   8.3830543e+00
1.2114000e+02   2.3140000e+01   3.8373463e+00   8.3397210e+00
1.2115000e+02   2.2930000e+01  -1.9628873e+00   6.7429028e+00
1.2115000e+02   2.2940000e+01  -1.8402636e+00   6.3900658e+00
1.2115000e+02   2.2950000e+01  -2.1107875e+00   6.5637970e+00
1.2115000e+02   2.2960000e+01  -3.4376128e+00   6.3556786e+00
1.2115000e+02   2.2970000e+01  -3.3261805e+00   6.1413925e+00
1.2115000e+02   2.2980000e+01  -2.6365228e+00   6.0657670e+00
1.2115000e+02   2.2990000e+01  -2.8130640e+00   6.4417486e+00
1.2115000e+02   2.3000000e+01  -3.3186342e+00   6.8431037e+00
1.2115000e+02   2.3010000e+01  -1.8779877e+00   6.7316769e+00
1.2115000e+02   2.3020000e+01  -3.3426145e+00   6.8139879e+00
1.2115000e+02   2.3030000e+01  -3.9604092e+00   7.1362071e+00
1.2115000e+02   2.3040000e+01  -1.9723602e+00   7.0032607e+00
1.2115000e+02   2.3050000e+01  -1.6386346e+00   7.1604142e+00
1.2115000e+02   2.3070000e+01  -1.6446462e+00   7.1359866e+00
1.2115000e+02   2.3080000e+01  -4.1027160e+00   7.9383063e+00
1.2115000e+02   2.3130000e+01   3.9040324e+00   8.0980739e+00
1.2116000e+02   2.2960000e+01  -5.3724451e+00   6.2235941e+00
1.2116000e+02   2.2970000e+01  -4.7400400e+00   6.1774469e+00
1.2116000e+02   2.2980000e+01  -3.4619481e+00   6.0666902e+00
1.2116000e+02   2.2990000e+01  -3.7205086e+00   6.4156185e+00
1.2116000e+02   2.3000000e+01  -4.2533274e+00   6.4575948e+00
1.2116000e+02   2.3010000e+01  -1.8775154e+00   6.4916044e+00
1.2116000e+02   2.3020000e+01  -2.3340065e+00   6.5504632e+00
1.2116000e+02   2.3030000e+01  -2.4263976e+00   6.6237280e+00
1.2116000e+02   2.3040000e+01  -8.3626267e-01   6.3487573e+00
1.2116000e+02   2.3050000e+01  -3.0580190e-01   6.1960022e+00
1.2116000e+02   2.3060000e+01   5.9546931e-01   6.2538813e+00
1.2116000e+02   2.3070000e+01   3.8349773e-01   6.6726647e+00
1.2116000e+02   2.3080000e+01  -5.4924184e-01   6.9752937e+00
1.2116000e+02   2.3090000e+01  -6.5430106e-01   7.0600306e+00
1.2116000e+02   2.3120000e+01   1.2327196e+00   6.7510044e+00
1.2116000e+02   2.3130000e+01   2.5106998e+00   7.3864258e+00
1.2116000e+02   2.3140000e+01   1.1398169e-01   7.2239292e+00
1.2117000e+02   2.3030000e+01   8.1636661e-01   6.5831376e+00
1.2117000e+02   2.3040000e+01  -9.5523739e-01   6.3475593e+00
1.2117000e+02   2.3050000e+01  -3.6801720e-01   6.1655963e+00
1.2117000e+02   2.3060000e+01   7.0049853e-01   6.1539944e+00
1.2117000e+02   2.3070000e+01   1.4386010e+00   6.4083254e+00
1.2117000e+02   2.3080000e+01   5.5809028e-01   6.5176732e+00
1.2117000e+02   2.3090000e+01   8.9009633e-01   6.5951656e+00
1.2117000e+02   2.3100000e+01   1.3337201e+00   6.7592276e+00
1.2117000e+02   2.3110000e+01  -2.1691821e-01   6.8065643e+00
1.2117000e+02   2.3120000e+01   8.1360179e-01   6.8024193e+00
1.2117000e+02   2.3130000e+01   3.5267102e-01   6.7517178e+00
1.2117000e+02   2.3160000e+01  -4.3799354e+00   6.2974566e+00
1.2118000e+02   2.3050000e+01  -2.4810663e-01   6.2653094e+00
1.2118000e+02   2.3060000e+01   1.4689368e-01   6.0891668e+00
1.2118000e+02   2.3070000e+01   1.5927540e+00   6.2251911e+00
1.2118000e+02   2.3080000e+01   4.2140940e-01   6.2902701e+00
1.2118000e+02   2.3090000e+01   2.8488587e-01   6.4142619e+00
1.2118000e+02   2.3100000e+01   8.7225815e-01   6.7203218e+00
1.2118000e+02   2.3110000e+01   4.6063196e-01   6.9997388e+00
1.2118000e+02   2.3120000e+01   7.4856314e-01   7.3605598e+00
1.2118000e+02   2.3130000e+01   5.5850019e-02   6.8686265e+00
1.2118000e+02   2.3140000e+01  -7.6161490e-01   7.1940380e+00
1.2118000e+02   2.3170000e+01   2.4833916e+00   6.6672013e+00
1.2118000e+02   2.3180000e+01  -1.5045066e+00   7.9276745e+00
1.2118000e+02   2.3190000e+01  -3.8389099e+00   7.8739591e+00
1.2119000e+02   2.3070000e+01  -1.8603298e-01   6.0208310e+00
1.2119000e+02   2.3080000e+01   9.4779025e-01   6.3969828e+00
1.2119000e+02   2.3090000e+01   2.4242082e-01   6.4190125e+00
1.2119000e+02   2.3100000e+01  -1.1885612e+00   6.7034542e+00
1.2119000e+02   2.3110000e+01  -2.8421482e-01   6.8482404e+00
1.2119000e+02   2.3120000e+01   3.8898014e-01   7.2990300e+00
1.2119000e+02   2.3130000e+01   2.3448612e-01   6.9175639e+00
1.2119000e+02   2.3140000e+01  -2.9482432e-01   6.9726082e+00
1.2119000e+02   2.3160000e+01  -1.6274945e+00   5.9930876e+00
1.2119000e+02   2.3170000e+01   2.2259846e+00   7.0513184e+00
1.2120000e+02   2.3070000e+01  -1.3474888e+00   5.9334861e+00
1.2120000e+02   2.3080000e+01   2.2885404e-01   5.9857690e+00
1.2120000e+02   2.3090000e+01   8.3519213e-01   6.2787114e+00
1.2120000e+02   2.3100000e+01  -5.5269860e-01   6.5735884e+00
1.2120000e+02   2.3110000e+01  -3.8341073e-01   6.6929889e+00
1.2120000e+02   2.3120000e+01  -1.3694665e-01   7.2168151e+00
1.2120000e+02   2.3130000e+01  -5.3992710e-01   7.1236658e+00
1.2120000e+02   2.3140000e+01  -7.4104670e-01   7.1918026e+00
1.2120000e+02   2.3150000e+01  -1.2746712e+00   6.5095051e+00
1.2120000e+02   2.3160000e+01  -1.3941074e-01   5.8175310e+00
1.2121000e+02   2.3100000e+01  -7.1258391e-02   6.6182434e+00
1.2121000e+02   2.3110000e+01  -6.5307278e-01   6.8477277e+00
1.2121000e+02   2.3120000e+01  -4.6352497e-01   6.8756059e+00
1.2121000e+02   2.3130000e+01  -4.9661587e-01   6.8708272e+00
1.2121000e+02   2.3140000e+01  -2.3391227e+00   6.9299439e+00
1.2121000e+02   2.3150000e+01  -2.1872032e+00   6.5001610e+00
1.2121000e+02   2.3160000e+01  -2.1082567e+00   6.9978053e+00
1.2121000e+02   2.3350000e+01   6.9514456e+00   4.5139315e+00
1.2122000e+02   2.3120000e+01  -5.6822093e-01   6.4587500e+00
1.2122000e+02   2.3130000e+01  -5.9872579e-01   6.3435063e+00
1.2122000e+02   2.3140000e+01  -2.9676388e+00   6.3408139e+00
1.2122000e+02   2.3150000e+01  -2.6058450e+00   5.8900821e+00
1.2122000e+02   2.3160000e+01  -3.8086683e+00   5.7441638e+00
1.2122000e+02   2.3170000e+01  -4.4612959e+00   6.3112617e+00
1.2122000e+02   2.3180000e+01  -6.8676514e+00   6.5320307e+00
1.2122000e+02   2.3210000e+01  -6.6416533e-01   5.8603463e+00
1.2122000e+02   2.3340000e+01   9.2451660e+00   5.7113697e+00
1.2122000e+02   2.3360000e+01   8.7673534e+00   3.5211328e+00
1.2123000e+02   2.3160000e+01  -2.6106087e+00   5.2743353e+00
1.2123000e+02   2.3170000e+01  -5.1386350e+00   5.4934350e+00
1.2123000e+02   2.3180000e+01  -5.8047321e+00   5.6429621e+00
1.2123000e+02   2.3200000e+01  -7.3707656e+00   7.1246097e+00
1.2123000e+02   2.3210000e+01  -1.5731343e+00   5.5247840e+00
1.2123000e+02   2.3330000e+01   2.4715408e+00   4.7738871e+00
1.2123000e+02   2.3340000e+01   7.8112094e+00   5.7429695e+00
1.2124000e+02   2.3180000e+01  -1.2345626e+00   5.2297390e+00
1.2124000e+02   2.3190000e+01  -3.9752632e+00   5.5971708e+00
1.2124000e+02   2.3200000e+01  -3.1441964e+00   5.5815667e+00
1.2124000e+02   2.3210000e+01  -2.3718461e+00   5.0008851e+00
1.2124000e+02   2.3220000e+01  -3.3249611e+00   4.8201707e+00
1.2124000e+02   2.3330000e+01   3.1369351e+00   5.3909152e+00
1.2124000e+02   2.3340000e+01   4.2420400e+00   5.1703827e+00
1.2125000e+02   2.3200000e+01  -3.8346369e+00   5.1323784e+00
1.2125000e+02   2.3210000e+01  -2.2557156e+00   4.8151546e+00
1.2125000e+02   2.3220000e+01  -2.3693128e+00   4.9575104e+00
1.2125000e+02   2.3230000e+01  -9.2649691e+00   6.7975221e+00
1.2125000e+02   2.3300000e+01   2.1949006e+00   4.1322862e+00
1.2125000e+02   2.3310000e+01   2.9919589e+00   4.4641547e+00
1.2125000e+02   2.3320000e+01   3.7458326e+00   4.7124322e+00
1.2125000e+02   2.3330000e+01   4.7194537e+00   5.7536689e+00
1.2126000e+02   2.3210000e+01  -1.4643212e+00   5.0507836e+00
1.2126000e+02   2.3220000e+01  -2.8333186e+00   5.4313210e+00
1.2126000e+02   2.3230000e+01  -3.6783617e+00   6.1227303e+00
1.2126000e+02   2.3240000e+01  -7.3165250e+00   5.6156588e+00
1.2126000e+02   2.3250000e+01  -5.5680114e+00   5.6892871e+00
1.2126000e+02   2.3270000e+01  -1.2592765e+00   4.1279230e+00
1.2126000e+02   2.3280000e+01  -1.3334548e+00   3.7509171e+00
1.2126000e+02   2.3300000e+01   1.0388401e+00   4.1278423e+00
1.2126000e+02   2.3310000e+01   3.0406331e+00   3.9131229e+00
1.2126000e+02   2.3320000e+01   3.2328662e+00   4.4323494e+00
1.2127000e+02   2.3230000e+01   2.1184449e+00   5.3085123e+00
1.2127000e+02   2.3240000e+01  -2.6993929e+00   4.5681926e+00
1.2127000e+02   2.3250000e+01  -2.7178198e+00   4.4797974e+00
1.2127000e+02   2.3260000e+01  -2.6432647e+00   4.7080413e+00
1.2127000e+02   2.3270000e+01  -2.5515590e+00   4.0935534e+00
1.2127000e+02   2.3280000e+01  -1.6775495e+00   3.7233697e+00
1.2127000e+02   2.3290000e+01  -4.1866218e-01   4.2132651e+00
1.2127000e+02   2.3300000e+01   1.9212538e-01   3.9446055e+00
1.2128000e+02   2.3240000e+01   1.5963561e+00   4.3692939e+00
1.2128000e+02   2.3250000e+01  -2.5155208e+00   4.2943036e+00
1.2128000e+02   2.3260000e+01  -3.5359834e+00   3.9308584e+00
1.2128000e+02   2.3270000e+01  -2.1216941e+00   3.1997095e+00
1.2128000e+02   2.3280000e+01  -2.9591294e+00   3.4234832e+00
1.2128000e+02   2.3290000e+01  -4.8898458e+00   3.7496720e+00
1.2128000e+02   2.3300000e+01  -4.0087390e+00   3.4920437e+00
1.2128000e+02   2.3310000e+01  -8.2800254e+00   4.2248071e+00
1.2128000e+02   2.3370000e+01   3.1783177e+00   6.8868523e+00
1.2129000e+02   2.3260000e+01  -2.1995006e+00   3.7326438e+00
1.2129000e+02   2.3270000e+01  -1.4385786e+00   3.1128607e+00
1.2129000e+02   2.3280000e+01  -2.3528790e+00   3.1601686e+00
1.2129000e+02   2.3290000e+01  -2.7039360e+00   3.1679678e+00
1.2129000e+02   2.3300000e+01  -2.1991753e+00   3.0063827e+00
1.2129000e+02   2.3310000e+01  -5.6748426e+00   4.6559932e+00
1.2129000e+02   2.3320000e+01  -2.9407079e+00   4.1353615e+00
1.2129000e+02   2.3340000e+01   5.4513653e-01   5.3891154e+00
1.2129000e+02   2.3350000e+01   1.9260168e+00   4.5550497e+00
1.2129000e+02   2.3360000e+01   3.9148326e-01   6.6881579e+00
1.2129000e+02   2.3440000e+01   3.8286539e+00   8.1250614e+00
1.2130000e+02   2.3280000e+01  -7.1108498e-01   3.3989778e+00
1.2130000e+02   2.3290000e+01  -2.8116727e+00   3.2648402e+00
1.2130000e+02   2.3300000e+01  -1.8362762e+00   3.0503088e+00
1.2130000e+02   2.3310000e+01  -2.9724851e+00   3.2867571e+00
1.2130000e+02   2.3320000e+01  -2.0560494e+00   2.9253540e+00
1.2130000e+02   2.3330000e+01  -2.0752928e+00   2.9076754e+00
1.2130000e+02   2.3340000e+01   1.3844784e-02   4.0427985e+00
1.2130000e+02   2.3350000e+01   6.4282078e-01   4.2421470e+00
1.2130000e+02   2.3360000e+01  -3.9791454e+00   6.8243810e+00
1.2130000e+02   2.3390000e+01   1.8001606e+00   5.1386666e+00
1.2130000e+02   2.3400000e+01   3.5472009e+00   7.1415006e+00
1.2130000e+02   2.3410000e+01  -6.0678527e+00   6.5289677e+00
1.2130000e+02   2.3420000e+01  -9.2884045e-01   6.2302671e+00
1.2130000e+02   2.3440000e+01   1.9344201e+00   7.5968715e+00
1.2131000e+02   2.3290000e+01  -3.3660598e+00   2.7838282e+00
1.2131000e+02   2.3300000e+01  -1.8977998e+00   2.8716055e+00
1.2131000e+02   2.3310000e+01  -4.0277103e-01   2.5695404e+00
1.2131000e+02   2.3320000e+01  -7.7836811e-01   2.2273203e+00
1.2131000e+02   2.3330000e+01  -3.3658071e-01   1.8985387e+00
1.2131000e+02   2.3340000e+01   1.1143536e-01   2.2180021e+00
1.2131000e+02   2.3350000e+01   2.4612317e-01   3.5972922e+00
1.2131000e+02   2.3360000e+01   8.9256938e-01   4.7455376e+00
1.2131000e+02   2.3390000e+01   2.8358576e+00   5.3052420e+00
1.2131000e+02   2.3400000e+01   4.7980791e+00   5.7310476e+00
1.2131000e+02   2.3410000e+01   4.0129377e+00   5.7470807e+00
1.2131000e+02   2.3420000e+01   1.3980138e+00   5.6306649e+00
1.2131000e+02   2.3430000e+01   2.5290995e+00   4.8752561e+00
1.2131000e+02   2.3440000e+01   3.0136587e-01   5.1325115e+00
1.2132000e+02   2.3310000e+01  -8.3793687e-01   2.4527049e+00
1.2132000e+02   2.3320000e+01  -9.9570806e-01   1.9169900e+00
1.2132000e+02   2.3330000e+01  -3.2138106e-01   1.8073941e+00
1.2132000e+02   2.3340000e+01   1.4526840e-01   2.1269106e+00
1.2132000e+02   2.3350000e+01  -3.2538738e-01   2.7627797e+00
1.2132000e+02   2.3360000e+01  -3.7791284e-01   2.9279471e+00
1.2132000e+02   2.3370000e+01  -2.7489660e-01   3.5515859e+00
1.2132000e+02   2.3380000e+01  -2.7781258e-01   4.1462525e+00
1.2132000e+02   2.3390000e+01   1.3390576e+00   5.3232897e+00
1.2132000e+02   2.3400000e+01   5.0693499e+00   5.8349593e+00
1.2132000e+02   2.3410000e+01   4.0934540e+00   5.7749849e+00
1.2132000e+02   2.3420000e+01   2.3582021e+00   6.4322128e+00
1.2132000e+02   2.3430000e+01   2.7845839e+00   5.0022826e+00
1.2132000e+02   2.3440000e+01   2.1705222e+00   4.9031330e+00
1.2132000e+02   2.3450000e+01   4.6481795e+00   6.0373015e+00
1.2132000e+02   2.3490000e+01   9.6468055e-01   7.2253689e+00
1.2132000e+02   2.3500000e+01   3.1348950e+00   7.7399104e+00
1.2132000e+02   2.3510000e+01   2.1769673e+00   7.3241041e+00
1.2133000e+02   2.3350000e+01  -6.7158066e-01   2.7950840e+00
1.2133000e+02   2.3360000e+01  -1.1732527e+00   2.8547618e+00
1.2133000e+02   2.3370000e+01  -2.1036277e+00   4.3108717e+00
1.2133000e+02   2.3380000e+01  -7.9856672e-01   4.1556578e+00
1.2133000e+02   2.3390000e+01   7.2257975e-01   4.5794333e+00
1.2133000e+02   2.3400000e+01   4.6907802e-01   5.0588605e+00
1.2133000e+02   2.3410000e+01   1.3278518e+00   6.0803199e+00
1.2133000e+02   2.3420000e+01   2.3032356e+00   6.5480501e+00
1.2133000e+02   2.3430000e+01   7.9034514e-01   5.4335638e+00
1.2133000e+02   2.3440000e+01   1.6060781e+00   4.9815486e+00
1.2133000e+02   2.3450000e+01   1.3345937e+00   6.0393048e+00
1.2133000e+02   2.3470000e+01  -4.8108267e+00   6.9758593e+00
1.2133000e+02   2.3480000e+01  -1.9948041e+00   6.4323250e+00
1.2133000e+02   2.3490000e+01  -1.1954771e-01   6.8260657e+00
1.2133000e+02   2.3500000e+01   1.6222884e+00   7.2134758e+00
1.2133000e+02   2.3510000e+01   2.8389029e+00   7.0274258e+00
1.2134000e+02   2.3380000e+01  -3.8860687e+00   4.8836339e+00
1.2134000e+02   2.3390000e+01   4.2106720e+00   4.2608602e+00
1.2134000e+02   2.3400000e+01   5.6379511e-01   4.8118782e+00
1.2134000e+02   2.3410000e+01   6.0784463e-01   5.3871446e+00
1.2134000e+02   2.3420000e+01   1.2622182e+00   5.9653588e+00
1.2134000e+02   2.3430000e+01  -2.1693887e-01   5.6169297e+00
1.2134000e+02   2.3440000e+01   8.7726701e-03   5.7280438e+00
1.2134000e+02   2.3450000e+01  -2.4013693e+00   6.7985654e+00
1.2134000e+02   2.3460000e+01  -2.2306749e+00   6.3548843e+00
1.2134000e+02   2.3470000e+01  -6.4189199e+00   7.7199051e+00
1.2134000e+02   2.3480000e+01  -1.4210663e+00   5.7776324e+00
1.2134000e+02   2.3490000e+01  -1.2983241e+00   5.6731855e+00
1.2134000e+02   2.3500000e+01  -4.0652943e-01   5.7006766e+00
1.2134000e+02   2.3510000e+01   3.5409949e+00   5.3136998e+00
1.2135000e+02   2.3420000e+01   9.5681262e-01   4.3719645e+00
1.2135000e+02   2.3430000e+01   2.1429509e-01   4.6748840e+00
1.2135000e+02   2.3440000e+01   8.6989614e-01   5.6813374e+00
1.2135000e+02   2.3450000e+01   6.7255659e-01   5.6619751e+00
1.2135000e+02   2.3460000e+01   4.0604484e-01   4.4756260e+00
1.2135000e+02   2.3470000e+01  -1.9131493e-01   5.3899576e+00
1.2135000e+02   2.3480000e+01  -1.0807657e-01   5.3270034e+00
1.2135000e+02   2.3490000e+01  -3.5548301e-01   5.5412725e+00
1.2135000e+02   2.3500000e+01   1.0503180e+00   5.7832130e+00
1.2135000e+02   2.3510000e+01   3.2070189e+00   5.7260789e+00
1.2136000e+02   2.3430000e+01  -1.7747008e+00   4.5386367e+00
1.2136000e+02   2.3440000e+01   9.5457271e-01   4.7736898e+00
1.2136000e+02   2.3450000e+01   1.9386315e+00   5.0779488e+00
1.2136000e+02   2.3460000e+01   7.9779355e-01   4.4584000e+00
1.2136000e+02   2.3470000e+01  -2.1697770e-01   4.9532415e+00
1.2136000e+02   2.3480000e+01  -1.6978628e-01   5.2981263e+00
1.2136000e+02   2.3490000e+01   1.3066159e+00   5.8398750e+00
1.2136000e+02   2.3500000e+01   2.9524792e+00   6.3500452e+00
1.2136000e+02   2.3510000e+01   1.7932350e+00   5.3067014e+00
1.2137000e+02   2.3440000e+01   2.2687908e+00   4.1991613e+00
1.2137000e+02   2.3450000e+01   1.7876816e+00   4.5244761e+00
1.2137000e+02   2.3460000e+01   2.1507334e-01   4.8855139e+00
1.2137000e+02   2.3470000e+01  -8.2340043e-01   4.8804720e+00
1.2137000e+02   2.3480000e+01   9.3949223e-01   5.1256234e+00
1.2137000e+02   2.3490000e+01   1.5283018e+00   5.0133177e+00
1.2137000e+02   2.3500000e+01   2.2348063e+00   4.8182555e+00
1.2137000e+02   2.3510000e+01   3.9053442e+00   5.3301524e+00
1.2137000e+02   2.3520000e+01   9.7111061e+00   6.4122032e+00
1.2138000e+02   2.3490000e+01   5.7148757e-01   4.1533615e+00
1.2138000e+02   2.3500000e+01   1.2650737e+00   4.3621043e+00
1.2138000e+02   2.3510000e+01   2.3537207e+00   5.3299027e+00
1.2138000e+02   2.3520000e+01   3.8348585e+00   6.1312010e+00
1.2109000e+02   2.2770000e+01   4.2044742e+00   3.7519092e+00
1.2109000e+02   2.2780000e+01   4.6701099e+00   3.7199343e+00
1.2109000e+02   2.2790000e+01   5.4797888e+00   3.9222667e+00
1.2110000e+02   2.2770000e+01   4.8615757e+00   3.9216767e+00
1.2110000e+02   2.2780000e+01   5.0657940e+00   4.1491851e+00
1.2110000e+02   2.2790000e+01   6.6149235e+00   4.3293024e+00
1.2110000e+02   2.2800000e+01   8.5528480e+00   4.2982375e+00
1.2110000e+02   2.2810000e+01   1.0062944e+01   5.2381769e+00
1.2110000e+02   2.2820000e+01   1.2683413e+01   5.7292816e+00
1.2110000e+02   2.2830000e+01   1.3978638e+01   5.6944605e+00
1.2110000e+02   2.2840000e+01   1.3228609e+01   5.9018568e+00
1.2110000e+02   2.2850000e+01   1.1956370e+01   6.1099491e+00
1.2111000e+02   2.2770000e+01   6.4851568e+00   3.9947495e+00
1.2111000e+02   2.2780000e+01   5.7731843e+00   4.3094616e+00
1.2111000e+02   2.2790000e+01   6.4819145e+00   4.4046644e+00
1.2111000e+02   2.2800000e+01   8.6094695e+00   5.0044532e+00
1.2111000e+02   2.2810000e+01   1.2141506e+01   5.8363565e+00
1.2111000e+02   2.2820000e+01   1.5008127e+01   5.6406626e+00
1.2111000e+02   2.2830000e+01   1.5743785e+01   5.8662518e+00
1.2111000e+02   2.2840000e+01   1.4498382e+01   6.2342655e+00
1.2111000e+02   2.2850000e+01   1.4982879e+01   6.7786405e+00
1.2111000e+02   2.2860000e+01   1.3718015e+01   7.1462013e+00
1.2111000e+02   2.2870000e+01   1.2622940e+01   7.3514135e+00
1.2112000e+02   2.2770000e+01   7.0595949e+00   3.8287594e+00
1.2112000e+02   2.2780000e+01   6.4970200e+00   4.1234260e+00
1.2112000e+02   2.2790000e+01   7.2121657e+00   4.2800962e+00
1.2112000e+02   2.2800000e+01   1.0604221e+01   4.5795010e+00
1.2112000e+02   2.2810000e+01   1.4365799e+01   4.9087091e+00
1.2112000e+02   2.2820000e+01   1.5988865e+01   5.5305358e+00
1.2112000e+02   2.2830000e+01   1.7187023e+01   5.9318420e+00
1.2112000e+02   2.2840000e+01   1.8404151e+01   6.1624533e+00
1.2112000e+02   2.2850000e+01   1.6806697e+01   6.7978246e+00
1.2112000e+02   2.2860000e+01   1.5134827e+01   6.9336323e+00
1.2112000e+02   2.2870000e+01   1.3754219e+01   7.0334077e+00
1.2112000e+02   2.2880000e+01   1.2798245e+01   6.2902687e+00
1.2113000e+02   2.2770000e+01   7.1307218e+00   3.9344848e+00
1.2113000e+02   2.2780000e+01   6.9263828e+00   4.1279795e+00
1.2113000e+02   2.2790000e+01   8.3948964e+00   4.1272572e+00
1.2113000e+02   2.2800000e+01   1.1192100e+01   4.2858585e+00
1.2113000e+02   2.2810000e+01   1.5402360e+01   4.5770972e+00
1.2113000e+02   2.2820000e+01   2.1441671e+01   5.0110176e+00
1.2113000e+02   2.2850000e+01   1.6840005e+01   6.4044853e+00
1.2113000e+02   2.2870000e+01   1.6648195e+01   6.9110221e+00
1.2113000e+02   2.2880000e+01   1.9272184e+01   6.6954759e+00
1.2114000e+02   2.2770000e+01   6.7821881e+00   3.9451115e+00
1.2114000e+02   2.2780000e+01   6.6966715e+00   4.2461665e+00
1.2114000e+02   2.2790000e+01   8.9186528e+00   4.2756712e+00
1.2114000e+02   2.2810000e+01   1.6971675e+01   4.8720423e+00
1.2114000e+02   2.2850000e+01   2.2283166e+01   7.0591002e+00
1.2114000e+02   2.2860000e+01   2.3081966e+01   6.8958677e+00
1.2114000e+02   2.2870000e+01   2.4352517e+01   6.9112604e+00
1.2114000e+02   2.2880000e+01   2.3100853e+01   6.8069410e+00
1.2114000e+02   2.2890000e+01   1.9712310e+01   6.7595541e+00
1.2115000e+02   2.2770000e+01   6.3802867e+00   4.0018408e+00
1.2115000e+02   2.2780000e+01   5.3638904e+00   4.5876804e+00
1.2115000e+02   2.2790000e+01   1.1661372e+01   4.9534643e+00
1.2115000e+02   2.2800000e+01   1.0522155e+01   5.7199355e+00
1.2115000e+02   2.2810000e+01   1.0321234e+01   5.9047749e+00
1.2115000e+02   2.2820000e+01   1.3057161e+01   6.5175865e+00
1.2115000e+02   2.2830000e+01   1.5316925e+01   6.9595327e+00
1.2115000e+02   2.2840000e+01   1.8357720e+01   7.1271297e+00
1.2115000e+02   2.2850000e+01   2.1753080e+01   6.9764293e+00
1.2115000e+02   2.2860000e+01   2.1504767e+01   7.0629449e+00
1.2115000e+02   2.2880000e+01   2.7677366e+01   6.8738868e+00
1.2115000e+02   2.2890000e+01   2.4502796e+01   6.9377769e+00
1.2115000e+02   2.2900000e+01   1.9866437e+01   7.0495616e+00
1.2116000e+02   2.2770000e+01   6.7339179e+00   4.5635095e+00
1.2116000e+02   2.2780000e+01   1.2005812e+01   4.7549832e+00
1.2116000e+02   2.2790000e+01   1.3412855e+01   5.0693956e+00
1.2116000e+02   2.2800000e+01   1.0971055e+01   6.2750337e+00
1.2116000e+02   2.2810000e+01   9.0564952e+00   6.2037399e+00
1.2116000e+02   2.2820000e+01   1.0010714e+01   6.3631456e+00
1.2116000e+02   2.2830000e+01   1.2206775e+01   6.5947963e+00
1.2116000e+02   2.2840000e+01   1.2496570e+01   7.1017675e+00
1.2116000e+02   2.2850000e+01   1.6385768e+01   7.6299946e+00
1.2116000e+02   2.2860000e+01   1.8766785e+01   6.8884510e+00
1.2116000e+02   2.2870000e+01   1.7253135e+01   7.1453797e+00
1.2116000e+02   2.2890000e+01   2.7239849e+01   7.4268392e+00
1.2116000e+02   2.2900000e+01   2.4134766e+01   7.3047461e+00
1.2117000e+02   2.2770000e+01   1.0088673e+01   5.8833705e+00
1.2117000e+02   2.2780000e+01   1.4233535e+01   5.3970267e+00
1.2117000e+02   2.2790000e+01   1.4168777e+01   5.3138286e+00
1.2117000e+02   2.2800000e+01   1.1740805e+01   5.8770582e+00
1.2117000e+02   2.2810000e+01   1.0741859e+01   5.8698676e+00
1.2117000e+02   2.2820000e+01   9.8910796e+00   6.5296980e+00
1.2117000e+02   2.2830000e+01   1.3176547e+01   6.3764800e+00
1.2117000e+02   2.2840000e+01   1.1909187e+01   6.5375154e+00
1.2117000e+02   2.2850000e+01   1.6126994e+01   7.1798843e+00
1.2117000e+02   2.2860000e+01   1.3407585e+01   7.0000123e+00
1.2117000e+02   2.2870000e+01   1.3671827e+01   7.5540624e+00
1.2117000e+02   2.2880000e+01   1.7410443e+01   7.8269701e+00
1.2117000e+02   2.2890000e+01   2.0763316e+01   7.7050367e+00
1.2117000e+02   2.2900000e+01   2.2870956e+01   7.6728006e+00
1.2117000e+02   2.2910000e+01   2.2938316e+01   7.4960378e+00
1.2117000e+02   2.2920000e+01   2.3212932e+01   7.5816351e+00
1.2117000e+02   2.2930000e+01   2.4191574e+01   7.3386159e+00
1.2118000e+02   2.2800000e+01   1.4395035e+01   6.0179953e+00
1.2118000e+02   2.2810000e+01   1.3307963e+01   6.0330209e+00
1.2118000e+02   2.2820000e+01   1.3140320e+01   6.6181707e+00
1.2118000e+02   2.2830000e+01   1.3239443e+01   6.3129338e+00
1.2118000e+02   2.2840000e+01   1.2941667e+01   6.6137578e+00
1.2118000e+02   2.2850000e+01   1.5735303e+01   6.6522217e+00
1.2118000e+02   2.2860000e+01   1.5713093e+01   6.5272250e+00
1.2118000e+02   2.2870000e+01   1.4403457e+01   7.5753357e+00
1.2118000e+02   2.2890000e+01   1.2131507e+01   8.4810386e+00
1.2118000e+02   2.2900000e+01   2.0820079e+01   8.0432873e+00
1.2118000e+02   2.2910000e+01   1.9134780e+01   7.7659338e+00
1.2118000e+02   2.2920000e+01   1.7351860e+01   7.6539087e+00
1.2118000e+02   2.2940000e+01   2.3257883e+01   7.4020695e+00
1.2118000e+02   2.2980000e+01   1.1510056e+01   7.2308390e+00
1.2118000e+02   2.2990000e+01   1.0100798e+01   7.1697300e+00
1.2118000e+02   2.3000000e+01   1.0761914e+01   6.9272515e+00
1.2118000e+02   2.3010000e+01   1.0135838e+01   6.7533334e+00
1.2118000e+02   2.3020000e+01   1.2371549e+01   6.7042221e+00
1.2119000e+02   2.2800000e+01   1.3415480e+01   6.0901601e+00
1.2119000e+02   2.2860000e+01   1.4817476e+01   6.6650077e+00
1.2119000e+02   2.2870000e+01   1.6543585e+01   7.6189071e+00
1.2119000e+02   2.2880000e+01   1.6137613e+01   7.7123924e+00
1.2119000e+02   2.2910000e+01   1.5035548e+01   8.2156891e+00
1.2119000e+02   2.2940000e+01   2.1127497e+01   7.6416212e+00
1.2119000e+02   2.2950000e+01   2.0870594e+01   7.7013425e+00
1.2119000e+02   2.2970000e+01   2.2130956e+01   7.2388375e+00
1.2119000e+02   2.2990000e+01   1.5238355e+01   7.4817018e+00
1.2119000e+02   2.3000000e+01   1.4947376e+01   7.4325054e+00
1.2119000e+02   2.3010000e+01   1.2178282e+01   7.2311191e+00
1.2119000e+02   2.3020000e+01   1.3398676e+01   6.9920077e+00
1.2119000e+02   2.3030000e+01   1.1618553e+01   6.6337509e+00
1.2119000e+02   2.3040000e+01   1.1112892e+01   6.7615672e+00
1.2120000e+02   2.2870000e+01   1.6108803e+01   7.3949878e+00
1.2120000e+02   2.2880000e+01   1.5469818e+01   7.5893092e+00
1.2120000e+02   2.2890000e+01   1.3630958e+01   7.8530506e+00
1.2120000e+02   2.2910000e+01   1.4152579e+01   8.0387019e+00
1.2120000e+02   2.2920000e+01   1.3658566e+01   7.9353823e+00
1.2120000e+02   2.2930000e+01   1.3185721e+01   8.2900371e+00
1.2120000e+02   2.2940000e+01   1.4288487e+01   7.9286124e+00
1.2120000e+02   2.2970000e+01   1.7833053e+01   7.8567550e+00
1.2120000e+02   2.3010000e+01   1.8515295e+01   7.7794506e+00
1.2120000e+02   2.3020000e+01   1.4067106e+01   7.1754197e+00
1.2120000e+02   2.3030000e+01   1.2249716e+01   6.9093416e+00
1.2120000e+02   2.3040000e+01   1.2536998e+01   6.6158000e+00
1.2120000e+02   2.3050000e+01   1.4356788e+01   6.4400905e+00
1.2121000e+02   2.2870000e+01   1.4804934e+01   7.2886733e+00
1.2121000e+02   2.2880000e+01   1.4767876e+01   7.3791422e+00
1.2121000e+02   2.2890000e+01   1.3981346e+01   7.8998318e+00
1.2121000e+02   2.2910000e+01   1.3695766e+01   8.0583363e+00
1.2121000e+02   2.2920000e+01   1.4092889e+01   8.1837162e+00
1.2121000e+02   2.2930000e+01   1.3852142e+01   8.4933801e+00
1.2121000e+02   2.2940000e+01   1.3398168e+01   7.8760109e+00
1.2121000e+02   2.2960000e+01   1.4942065e+01   8.3197424e+00
1.2121000e+02   2.2970000e+01   1.5754328e+01   8.0532459e+00
1.2121000e+02   2.2990000e+01   2.4327249e+01   8.1623725e+00
1.2121000e+02   2.3020000e+01   2.3907424e+01   8.0546723e+00
1.2121000e+02   2.3030000e+01   2.6381528e+01   7.5300713e+00
1.2121000e+02   2.3040000e+01   1.5546513e+01   6.6507393e+00
1.2121000e+02   2.3050000e+01   1.6100463e+01   6.3732393e+00
1.2122000e+02   2.2870000e+01   1.4854686e+01   7.0078454e+00
1.2122000e+02   2.2880000e+01   1.4477131e+01   7.0570948e+00
1.2122000e+02   2.2890000e+01   1.3457030e+01   7.2069592e+00
1.2122000e+02   2.2930000e+01   1.7763010e+01   7.9121452e+00
1.2122000e+02   2.2940000e+01   1.4858072e+01   7.8526828e+00
1.2122000e+02   2.2950000e+01   1.3235663e+01   8.1115289e+00
1.2122000e+02   2.2960000e+01   1.3574094e+01   8.2614873e+00
1.2122000e+02   2.2970000e+01   1.6221424e+01   8.4054365e+00
1.2122000e+02   2.3030000e+01   2.8884116e+01   7.4524753e+00
1.2122000e+02   2.3040000e+01   2.2084421e+01   7.7365066e+00
1.2122000e+02   2.3050000e+01   2.0916208e+01   7.2921682e+00
1.2122000e+02   2.3060000e+01   2.2720098e+01   7.2824942e+00
1.2122000e+02   2.3080000e+01   1.2560066e+01   5.7383632e+00
1.2122000e+02   2.3090000e+01   1.2970827e+01   5.9369491e+00
1.2123000e+02   2.2880000e+01   1.5034001e+01   7.0070131e+00
1.2123000e+02   2.2890000e+01   1.4531637e+01   7.1068704e+00
1.2123000e+02   2.2900000e+01   1.5864223e+01   7.8122490e+00
1.2123000e+02   2.2910000e+01   1.3827271e+01   8.3432286e+00
1.2123000e+02   2.2930000e+01   1.8262832e+01   7.9831893e+00
1.2123000e+02   2.2940000e+01   1.5118927e+01   8.2996453e+00
1.2123000e+02   2.2950000e+01   1.3915585e+01   8.2102413e+00
1.2123000e+02   2.2960000e+01   1.4119152e+01   8.0323913e+00
1.2123000e+02   2.2970000e+01   1.5581316e+01   8.1979724e+00
1.2123000e+02   2.3000000e+01   1.3756063e+01   7.5622250e+00
1.2123000e+02   2.3010000e+01   1.7402272e+01   8.4170968e+00
1.2123000e+02   2.3020000e+01   1.8139501e+01   7.8916203e+00
1.2123000e+02   2.3050000e+01   2.1316855e+01   7.9792129e+00
1.2123000e+02   2.3060000e+01   2.0501121e+01   7.7025059e+00
1.2123000e+02   2.3070000e+01   2.0944947e+01   7.1336268e+00
1.2123000e+02   2.3090000e+01   1.6130481e+01   6.4669524e+00
1.2124000e+02   2.2890000e+01   1.4040310e+01   7.0869600e+00
1.2124000e+02   2.2900000e+01   1.3478569e+01   7.6165767e+00
1.2124000e+02   2.2910000e+01   1.1848635e+01   8.0363781e+00
1.2124000e+02   2.2920000e+01   1.1485832e+01   8.0837061e+00
1.2124000e+02   2.2940000e+01   1.4069655e+01   8.1514144e+00
1.2124000e+02   2.2950000e+01   1.3413610e+01   7.9435832e+00
1.2124000e+02   2.2960000e+01   1.3035242e+01   7.6051842e+00
1.2124000e+02   2.2970000e+01   1.3291139e+01   7.4508552e+00
1.2124000e+02   2.2980000e+01   1.2656919e+01   6.3287660e+00
1.2124000e+02   2.2990000e+01   1.0800739e+01   7.5869655e+00
1.2124000e+02   2.3000000e+01   1.3352082e+01   6.9632871e+00
1.2124000e+02   2.3010000e+01   1.1333576e+01   7.1586615e+00
1.2124000e+02   2.3030000e+01   1.1928344e+01   6.6924707e+00
1.2124000e+02   2.3060000e+01   1.6383881e+01   7.9676058e+00
1.2124000e+02   2.3070000e+01   1.8009681e+01   7.7004707e+00
1.2124000e+02   2.3080000e+01   2.0948081e+01   7.6079785e+00
1.2124000e+02   2.3090000e+01   1.9995708e+01   7.3182237e+00
1.2124000e+02   2.3100000e+01   1.8696842e+01   7.1293111e+00
1.2124000e+02   2.3110000e+01   1.8964366e+01   7.0403828e+00
1.2124000e+02   2.3120000e+01   2.0020875e+01   6.2527601e+00
1.2124000e+02   2.3140000e+01   2.0522370e+01   5.7025506e+00
1.2124000e+02   2.3150000e+01   1.9672007e+01   5.5592055e+00
1.2125000e+02   2.2900000e+01   1.3499384e+01   7.5246883e+00
1.2125000e+02   2.2910000e+01   1.2785295e+01   7.9699940e+00
1.2125000e+02   2.2920000e+01   1.1176072e+01   8.0885258e+00
1.2125000e+02   2.2930000e+01   1.1476387e+00   7.6788150e+00
1.2125000e+02   2.2960000e+01   1.2680317e+01   7.5212771e+00
1.2125000e+02   2.2970000e+01   1.4171175e+01   7.1910915e+00
1.2125000e+02   2.2980000e+01   1.3934467e+01   6.4844787e+00
1.2125000e+02   2.2990000e+01   1.1608749e+01   7.7729320e+00
1.2125000e+02   2.3000000e+01   1.4230751e+01   7.2267155e+00
1.2125000e+02   2.3010000e+01   1.1165170e+01   7.1020963e+00
1.2125000e+02   2.3020000e+01   1.1696227e+01   6.7119777e+00
1.2125000e+02   2.3030000e+01   1.2158474e+01   7.0071452e+00
1.2125000e+02   2.3040000e+01   1.5209367e+01   7.3411638e+00
1.2125000e+02   2.3050000e+01   1.7614677e+01   7.9707422e+00
1.2125000e+02   2.3060000e+01   1.3474602e+01   8.1282876e+00
1.2125000e+02   2.3080000e+01   1.8654017e+01   7.6947081e+00
1.2125000e+02   2.3100000e+01   1.8037735e+01   7.2499367e+00
1.2125000e+02   2.3110000e+01   1.9040526e+01   7.3864177e+00
1.2125000e+02   2.3120000e+01   2.0488239e+01   6.9356675e+00
1.2125000e+02   2.3130000e+01   2.1343585e+01   6.9082612e+00
1.2125000e+02   2.3140000e+01   2.2726908e+01   7.1832801e+00
1.2125000e+02   2.3150000e+01   2.5512209e+01   6.9157251e+00
1.2125000e+02   2.3160000e+01   2.3986623e+01   6.3720242e+00
1.2125000e+02   2.3170000e+01   2.0390588e+01   5.5168810e+00
1.2126000e+02   2.2920000e+01   1.2071550e+01   8.0876381e+00
1.2126000e+02   2.2930000e+01   1.1111181e+01   8.0968055e+00
1.2126000e+02   2.2940000e+01   2.6637350e+00   7.5132551e+00
1.2126000e+02   2.2960000e+01   1.1509192e+01   7.5527981e+00
1.2126000e+02   2.2970000e+01   1.3594836e+01   7.3726947e+00
1.2126000e+02   2.2980000e+01   1.3157372e+01   7.1981462e+00
1.2126000e+02   2.2990000e+01   1.2516448e+01   6.8951243e+00
1.2126000e+02   2.3000000e+01   1.2078180e+01   6.8411170e+00
1.2126000e+02   2.3010000e+01   1.2187207e+01   6.7975069e+00
1.2126000e+02   2.3020000e+01   1.3543369e+01   6.8366969e+00
1.2126000e+02   2.3030000e+01   1.1410545e+01   6.9445687e+00
1.2126000e+02   2.3040000e+01   1.3852162e+01   7.2752761e+00
1.2126000e+02   2.3050000e+01   1.3337559e+01   7.6143568e+00
1.2126000e+02   2.3060000e+01   1.1003261e+01   8.0638714e+00
1.2126000e+02   2.3070000e+01   1.1439475e+01   8.0364280e+00
1.2126000e+02   2.3100000e+01   1.8911525e+01   7.9643856e+00
1.2126000e+02   2.3110000e+01   2.1261186e+01   7.3473164e+00
1.2126000e+02   2.3120000e+01   2.2837393e+01   7.6107158e+00
1.2126000e+02   2.3130000e+01   2.2045502e+01   7.4359209e+00
1.2126000e+02   2.3140000e+01   2.0671218e+01   7.1548643e+00
1.2126000e+02   2.3150000e+01   2.0751476e+01   6.5772619e+00
1.2126000e+02   2.3160000e+01   2.2209000e+01   7.0185965e+00
1.2126000e+02   2.3170000e+01   2.2785956e+01   6.7360509e+00
1.2126000e+02   2.3180000e+01   1.9477087e+01   5.5907375e+00
1.2127000e+02   2.2940000e+01   8.9884834e+00   7.6797275e+00
1.2127000e+02   2.2980000e+01   1.2868308e+01   7.4731300e+00
1.2127000e+02   2.2990000e+01   1.3326218e+01   7.1753560e+00
1.2127000e+02   2.3000000e+01   1.2488425e+01   6.6946133e+00
1.2127000e+02   2.3010000e+01   1.1935231e+01   6.7936632e+00
1.2127000e+02   2.3020000e+01   1.2735996e+01   6.9237959e+00
1.2127000e+02   2.3030000e+01   1.2747576e+01   6.8608128e+00
1.2127000e+02   2.3040000e+01   1.2503730e+01   6.6990834e+00
1.2127000e+02   2.3050000e+01   1.2602188e+01   6.8659074e+00
1.2127000e+02   2.3060000e+01   1.4351231e+01   7.4468689e+00
1.2127000e+02   2.3070000e+01   1.4292655e+01   7.4471132e+00
1.2127000e+02   2.3090000e+01   1.2070874e+01   8.2749413e+00
1.2127000e+02   2.3100000e+01   1.4698133e+01   8.1764760e+00
1.2127000e+02   2.3120000e+01   2.1808223e+01   7.5184179e+00
1.2127000e+02   2.3130000e+01   2.0383525e+01   7.0949903e+00
1.2127000e+02   2.3140000e+01   1.9525193e+01   6.4874018e+00
1.2127000e+02   2.3150000e+01   2.0163750e+01   6.0780500e+00
1.2127000e+02   2.3160000e+01   2.1092439e+01   6.3459535e+00
1.2127000e+02   2.3170000e+01   2.0642228e+01   6.7491521e+00
1.2127000e+02   2.3180000e+01   1.9752480e+01   5.5764962e+00
1.2127000e+02   2.3190000e+01   2.1508276e+01   5.2415826e+00
1.2127000e+02   2.3200000e+01   2.1714783e+01   5.2501296e+00
1.2128000e+02   2.2960000e+01   6.6205787e+00   7.7332133e+00
1.2128000e+02   2.2970000e+01   3.2108046e+00   8.1550012e+00
1.2128000e+02   2.2980000e+01   1.2859277e+01   8.0994738e+00
1.2128000e+02   2.2990000e+01   1.2621286e+01   7.5595474e+00
1.2128000e+02   2.3000000e+01   1.1397659e+01   7.0403394e+00
1.2128000e+02   2.3010000e+01   1.2064873e+01   6.7850635e+00
1.2128000e+02   2.3020000e+01   1.2985370e+01   6.5046818e+00
1.2128000e+02   2.3030000e+01   1.3522838e+01   6.5304438e+00
1.2128000e+02   2.3040000e+01   1.2731548e+01   6.9410531e+00
1.2128000e+02   2.3060000e+01   1.4600933e+01   7.5815095e+00
1.2128000e+02   2.3070000e+01   1.2617288e+01   7.1957640e+00
1.2128000e+02   2.3090000e+01   1.1548854e+01   7.4131774e+00
1.2128000e+02   2.3100000e+01   1.5725303e+01   7.8737351e+00
1.2128000e+02   2.3110000e+01   1.6713229e+01   7.6797139e+00
1.2128000e+02   2.3120000e+01   1.6984413e+01   6.9057668e+00
1.2128000e+02   2.3130000e+01   1.9869266e+01   6.7162432e+00
1.2128000e+02   2.3140000e+01   1.9127786e+01   6.4488162e+00
1.2128000e+02   2.3150000e+01   1.9880197e+01   6.3069181e+00
1.2128000e+02   2.3160000e+01   2.1689627e+01   6.3280301e+00
1.2128000e+02   2.3170000e+01   2.1146298e+01   6.7489647e+00
1.2128000e+02   2.3180000e+01   2.0886770e+01   5.5612802e+00
1.2128000e+02   2.3190000e+01   2.0269106e+01   5.6121623e+00
1.2128000e+02   2.3200000e+01   2.1706037e+01   5.5886942e+00
1.2128000e+02   2.3210000e+01   2.1076636e+01   6.4104238e+00
1.2128000e+02   2.3220000e+01   1.9374371e+01   6.8594578e+00
1.2129000e+02   2.2970000e+01   9.0937969e+00   8.0980724e+00
1.2129000e+02   2.2980000e+01   9.2889399e+00   7.0457322e+00
1.2129000e+02   2.2990000e+01   1.0959231e+01   7.1953449e+00
1.2129000e+02   2.3000000e+01   1.0974042e+01   7.0719870e+00
1.2129000e+02   2.3010000e+01   1.1023419e+01   7.0660983e+00
1.2129000e+02   2.3020000e+01   1.3018662e+01   6.6405656e+00
1.2129000e+02   2.3030000e+01   1.3889946e+01   6.7603219e+00
1.2129000e+02   2.3040000e+01   1.4594506e+01   6.8701054e+00
1.2129000e+02   2.3050000e+01   1.2416851e+01   6.7782465e+00
1.2129000e+02   2.3060000e+01   1.3438993e+01   6.9420107e+00
1.2129000e+02   2.3070000e+01   1.1690656e+01   6.8438223e+00
1.2129000e+02   2.3080000e+01   1.4148260e+01   7.0874322e+00
1.2129000e+02   2.3090000e+01   1.3518218e+01   7.1444043e+00
1.2129000e+02   2.3110000e+01   1.4909892e+01   7.8739247e+00
1.2129000e+02   2.3120000e+01   1.5999136e+01   7.7460627e+00
1.2129000e+02   2.3130000e+01   1.9565254e+01   7.3317500e+00
1.2129000e+02   2.3140000e+01   1.9235603e+01   6.8887515e+00
1.2129000e+02   2.3150000e+01   1.9259232e+01   7.2063434e+00
1.2129000e+02   2.3170000e+01   2.0702630e+01   6.6436327e+00
1.2129000e+02   2.3180000e+01   2.0757246e+01   5.5960437e+00
1.2129000e+02   2.3190000e+01   2.0609867e+01   6.5188096e+00
1.2129000e+02   2.3200000e+01   2.1907007e+01   5.9505486e+00
1.2129000e+02   2.3210000e+01   2.2416110e+01   5.7134781e+00
1.2129000e+02   2.3220000e+01   2.2109731e+01   6.0801369e+00
1.2129000e+02   2.3230000e+01   2.2107121e+01   5.0215556e+00
1.2130000e+02   2.2980000e+01   1.2757137e+01   7.5992886e+00
1.2130000e+02   2.2990000e+01   1.3866698e+01   7.2930780e+00
1.2130000e+02   2.3000000e+01   9.5521116e+00   7.2799098e+00
1.2130000e+02   2.3010000e+01   6.5009557e+00   7.7185781e+00
1.2130000e+02   2.3020000e+01   1.2346457e+01   7.4231849e+00
1.2130000e+02   2.3030000e+01   1.3170819e+01   7.4589859e+00
1.2130000e+02   2.3040000e+01   1.4322813e+01   7.0518496e+00
1.2130000e+02   2.3050000e+01   1.4244709e+01   6.9798148e+00
1.2130000e+02   2.3060000e+01   1.3858315e+01   7.2087088e+00
1.2130000e+02   2.3070000e+01   1.2215404e+01   7.8090220e+00
1.2130000e+02   2.3080000e+01   9.8988129e+00   7.8009387e+00
1.2130000e+02   2.3090000e+01   1.4196618e+01   7.5752298e+00
1.2130000e+02   2.3100000e+01   1.2895961e+01   8.2059767e+00
1.2130000e+02   2.3110000e+01   1.4460664e+01   8.2240583e+00
1.2130000e+02   2.3120000e+01   1.5311989e+01   7.5686154e+00
1.2130000e+02   2.3130000e+01   1.7526122e+01   8.2956781e+00
1.2130000e+02   2.3140000e+01   2.1451167e+01   7.3477742e+00
1.2130000e+02   2.3190000e+01   2.2778985e+01   7.8713959e+00
1.2130000e+02   2.3200000e+01   2.1950812e+01   5.8666190e+00
1.2130000e+02   2.3210000e+01   2.1222756e+01   5.5776574e+00
1.2130000e+02   2.3220000e+01   2.2556112e+01   6.6215341e+00
1.2130000e+02   2.3230000e+01   2.2431762e+01   5.9594328e+00
1.2130000e+02   2.3240000e+01   2.2563414e+01   4.9200547e+00
1.2130000e+02   2.3250000e+01   2.0433967e+01   3.7728747e+00
1.2131000e+02   2.2990000e+01   1.1318077e+01   7.4451693e+00
1.2131000e+02   2.3000000e+01   1.1451110e+01   7.2866995e+00
1.2131000e+02   2.3010000e+01   9.1764048e+00   7.1748714e+00
1.2131000e+02   2.3040000e+01   1.2110604e+01   7.6036168e+00
1.2131000e+02   2.3050000e+01   1.1939880e+01   7.2144705e+00
1.2131000e+02   2.3060000e+01   1.2315578e+01   7.2648428e+00
1.2131000e+02   2.3070000e+01   1.0509768e+01   7.8467406e+00
1.2131000e+02   2.3200000e+01   2.2572072e+01   5.4751277e+00
1.2131000e+02   2.3210000e+01   2.0772484e+01   5.1818275e+00
1.2131000e+02   2.3220000e+01   2.1974944e+01   8.0176416e+00
1.2131000e+02   2.3230000e+01   2.1677251e+01   7.2818352e+00
1.2131000e+02   2.3240000e+01   2.4573323e+01   5.1897531e+00
1.2131000e+02   2.3250000e+01   2.2290077e+01   4.1266290e+00
1.2131000e+02   2.3260000e+01   2.1882841e+01   3.4978796e+00
1.2131000e+02   2.3270000e+01   2.2653717e+01   3.5200395e+00
1.2132000e+02   2.3010000e+01   1.1989910e+01   7.3844503e+00
1.2132000e+02   2.3020000e+01   1.2078993e+01   7.6337678e+00
1.2132000e+02   2.3040000e+01   8.8228946e+00   8.4350838e+00
1.2132000e+02   2.3050000e+01   1.0056503e+01   7.5056855e+00
1.2132000e+02   2.3230000e+01   2.2111819e+01   7.4723401e+00
1.2132000e+02   2.3250000e+01   2.1340313e+01   4.3148426e+00
1.2132000e+02   2.3260000e+01   2.1256037e+01   4.1960722e+00
1.2132000e+02   2.3270000e+01   2.4331959e+01   3.4943058e+00
1.2132000e+02   2.3280000e+01   2.2492945e+01   3.2045367e+00
1.2133000e+02   2.3030000e+01   1.1094752e+01   7.4409965e+00
1.2133000e+02   2.3040000e+01   9.8604405e+00   7.3252428e+00
1.2133000e+02   2.3050000e+01   1.1591990e+01   7.4849536e+00
1.2133000e+02   2.3060000e+01   9.6460214e+00   7.3578465e+00
1.2133000e+02   2.3070000e+01   8.4510680e+00   8.0811678e+00
1.2133000e+02   2.3080000e+01   7.5408878e+00   7.7305592e+00
1.2133000e+02   2.3240000e+01   1.8635833e+01   5.6065078e+00
1.2133000e+02   2.3250000e+01   1.9616333e+01   4.4319827e+00
1.2133000e+02   2.3260000e+01   2.1912734e+01   3.8391101e+00
1.2133000e+02   2.3270000e+01   2.2961857e+01   4.3362936e+00
1.2133000e+02   2.3280000e+01   2.2233147e+01   3.6696793e+00
1.2133000e+02   2.3290000e+01   2.3321401e+01   3.1224964e+00
1.2134000e+02   2.3070000e+01   1.1852287e+01   7.2614011e+00
1.2134000e+02   2.3080000e+01   1.0721180e+01   7.3215205e+00
1.2134000e+02   2.3090000e+01   1.1275116e+01   7.8774651e+00
1.2134000e+02   2.3100000e+01   1.2265254e+01   7.9742903e+00
1.2134000e+02   2.3110000e+01   1.1920662e+01   8.1763142e+00
1.2134000e+02   2.3220000e+01   1.2750401e+01   6.1662149e+00
1.2134000e+02   2.3230000e+01   1.4505045e+01   6.7636893e+00
1.2134000e+02   2.3240000e+01   1.8907338e+01   6.0448895e+00
1.2134000e+02   2.3250000e+01   1.9677695e+01   5.1938188e+00
1.2134000e+02   2.3260000e+01   1.9574513e+01   4.5719296e+00
1.2134000e+02   2.3270000e+01   2.4512415e+01   4.1255625e+00
1.2134000e+02   2.3280000e+01   2.3256393e+01   3.5412441e+00
1.2134000e+02   2.3290000e+01   2.3026441e+01   3.0305635e+00
1.2134000e+02   2.3300000e+01   2.3779424e+01   2.7758390e+00
1.2134000e+02   2.3310000e+01   2.4487968e+01   2.7294940e+00
1.2134000e+02   2.3320000e+01   2.7026139e+01   2.9489041e+00
1.2134000e+02   2.3330000e+01   2.6346441e+01   3.8586229e+00
1.2134000e+02   2.3340000e+01   2.7014625e+01   3.5094853e+00
1.2135000e+02   2.3090000e+01   1.1889857e+01   7.6754368e+00
1.2135000e+02   2.3100000e+01   1.2123007e+01   8.1368194e+00
1.2135000e+02   2.3110000e+01   1.2140913e+01   8.3179734e+00
1.2135000e+02   2.3120000e+01   1.1572250e+01   8.1165701e+00
1.2135000e+02   2.3130000e+01   1.3348325e+01   8.5622358e+00
1.2135000e+02   2.3240000e+01   1.3696249e+01   6.9438912e+00
1.2135000e+02   2.3250000e+01   2.0465686e+01   5.8563677e+00
1.2135000e+02   2.3260000e+01   1.6856460e+01   5.6041160e+00
1.2135000e+02   2.3270000e+01   1.7589596e+01   4.8841965e+00
1.2135000e+02   2.3280000e+01   2.0349684e+01   3.7374404e+00
1.2135000e+02   2.3290000e+01   2.1533854e+01   3.8365998e+00
1.2135000e+02   2.3320000e+01   2.7947031e+01   2.9155363e+00
1.2135000e+02   2.3330000e+01   2.4630568e+01   4.7257023e+00
1.2135000e+02   2.3340000e+01   2.3292151e+01   4.6743743e+00
1.2135000e+02   2.3350000e+01   2.2747909e+01   4.1882954e+00
1.2135000e+02   2.3360000e+01   1.8856096e+01   3.3651697e+00
1.2135000e+02   2.3370000e+01   1.8214475e+01   4.7048219e+00
1.2136000e+02   2.3100000e+01   1.2689146e+01   7.6283541e+00
1.2136000e+02   2.3110000e+01   1.2979842e+01   7.6872807e+00
1.2136000e+02   2.3120000e+01   1.1887646e+01   7.9081476e+00
1.2136000e+02   2.3140000e+01   1.5085174e+01   7.1484104e+00
1.2136000e+02   2.3150000e+01   1.4412164e+01   7.3407740e+00
1.2136000e+02   2.3250000e+01   4.3834244e+00   6.3126359e+00
1.2136000e+02   2.3260000e+01   1.4801384e+01   6.4969770e+00
1.2136000e+02   2.3270000e+01   1.7147230e+01   4.8700773e+00
1.2136000e+02   2.3280000e+01   2.1015613e+01   4.9288680e+00
1.2136000e+02   2.3290000e+01   2.1720753e+01   4.7207972e+00
1.2136000e+02   2.3320000e+01   1.9556830e+01   4.4351552e+00
1.2136000e+02   2.3330000e+01   1.8130918e+01   6.0408571e+00
1.2136000e+02   2.3340000e+01   1.6750793e+01   5.9240852e+00
1.2136000e+02   2.3350000e+01   1.9680009e+01   4.9610330e+00
1.2136000e+02   2.3360000e+01   1.9776491e+01   4.5602612e+00
1.2136000e+02   2.3370000e+01   1.9292939e+01   5.0540783e+00
1.2136000e+02   2.3380000e+01   1.8519548e+01   4.1488338e+00
1.2136000e+02   2.3390000e+01   1.7490142e+01   4.2993048e+00
1.2136000e+02   2.3400000e+01   1.7913640e+01   4.3516921e+00
1.2137000e+02   2.3100000e+01   1.3726309e+01   7.9901264e+00
1.2137000e+02   2.3110000e+01   1.3542899e+01   7.8181862e+00
1.2137000e+02   2.3120000e+01   1.1856990e+01   7.7880081e+00
1.2137000e+02   2.3130000e+01   1.2584691e+01   7.4365692e+00
1.2137000e+02   2.3140000e+01   1.3016151e+01   7.3599540e+00
1.2137000e+02   2.3150000e+01   1.3090177e+01   7.7035335e+00
1.2137000e+02   2.3190000e+01   1.3890456e+01   6.7172294e+00
1.2137000e+02   2.3230000e+01   1.1327901e+01   7.4557592e+00
1.2137000e+02   2.3270000e+01   1.7929650e+01   5.8828456e+00
1.2137000e+02   2.3280000e+01   1.7241288e+01   6.0170869e+00
1.2137000e+02   2.3290000e+01   1.9484295e+01   5.7227210e+00
1.2137000e+02   2.3300000e+01   2.0287500e+01   5.5541634e+00
1.2137000e+02   2.3310000e+01   2.1867965e+01   7.0716100e+00
1.2137000e+02   2.3320000e+01   1.6869616e+01   5.8597451e+00
1.2137000e+02   2.3330000e+01   1.6963846e+01   6.3739538e+00
1.2137000e+02   2.3340000e+01   1.5929784e+01   6.0743568e+00
1.2137000e+02   2.3350000e+01   1.7742549e+01   4.9815980e+00
1.2137000e+02   2.3360000e+01   1.9368988e+01   4.8959327e+00
1.2137000e+02   2.3370000e+01   1.9587500e+01   4.8124560e+00
1.2137000e+02   2.3380000e+01   1.8969034e+01   4.5201714e+00
1.2137000e+02   2.3390000e+01   1.6661636e+01   4.1956099e+00
1.2137000e+02   2.3400000e+01   1.7601698e+01   4.3849689e+00
1.2137000e+02   2.3410000e+01   1.6897829e+01   4.1076557e+00
1.2138000e+02   2.3110000e+01   1.3779596e+01   8.0614239e+00
1.2138000e+02   2.3130000e+01   1.2885412e+01   6.7262472e+00
1.2138000e+02   2.3140000e+01   1.2847806e+01   7.0789066e+00
1.2138000e+02   2.3150000e+01   1.3494313e+01   7.5022867e+00
1.2138000e+02   2.3160000e+01   1.0857616e+01   7.8406799e+00
1.2138000e+02   2.3180000e+01   1.6279999e+01   7.6343958e+00
1.2138000e+02   2.3200000e+01   1.1293412e+01   7.2452646e+00
1.2138000e+02   2.3220000e+01   1.2619963e+01   6.4916134e+00
1.2138000e+02   2.3230000e+01   1.1226451e+01   6.9357362e+00
1.2138000e+02   2.3240000e+01   1.2279545e+01   6.3673010e+00
1.2138000e+02   2.3250000e+01   1.3838542e+01   5.9802788e+00
1.2138000e+02   2.3260000e+01   1.2531051e+01   5.9017260e+00
1.2138000e+02   2.3270000e+01   1.8605368e+01   7.3110257e+00
1.2138000e+02   2.3330000e+01   1.7248214e+01   4.8409296e+00
1.2138000e+02   2.3340000e+01   1.6785045e+01   5.8571044e+00
1.2138000e+02   2.3350000e+01   1.6629172e+01   5.4136187e+00
1.2138000e+02   2.3390000e+01   1.9394941e+01   4.6549355e+00
1.2138000e+02   2.3400000e+01   1.8314105e+01   5.9189266e+00
1.2138000e+02   2.3410000e+01   1.5774102e+01   4.7818633e+00
1.2138000e+02   2.3420000e+01   1.5529302e+01   3.9291939e+00
1.2138000e+02   2.3430000e+01   1.5029913e+01   4.1115509e+00
1.2139000e+02   2.3120000e+01   1.2806020e+01   7.4820684e+00
1.2139000e+02   2.3130000e+01   1.4120978e+01   6.7676511e+00
1.2139000e+02   2.3140000e+01   1.4051449e+01   6.7599535e+00
1.2139000e+02   2.3150000e+01   1.4608186e+01   6.9465358e+00
1.2139000e+02   2.3160000e+01   1.2806102e+01   7.5790823e+00
1.2139000e+02   2.3170000e+01   1.1706043e+01   7.6509924e+00
1.2139000e+02   2.3180000e+01   9.6750514e+00   6.2221394e+00
1.2139000e+02   2.3190000e+01   1.2124048e+01   5.5368909e+00
1.2139000e+02   2.3210000e+01   1.0105038e+01   5.2491861e+00
1.2139000e+02   2.3220000e+01   9.9533638e+00   5.8526919e+00
1.2139000e+02   2.3230000e+01   1.0112949e+01   5.8464318e+00
1.2139000e+02   2.3240000e+01   1.2148683e+01   6.4398830e+00
1.2139000e+02   2.3250000e+01   1.4133368e+01   6.1231501e+00
1.2139000e+02   2.3260000e+01   1.4771302e+01   6.1072080e+00
1.2139000e+02   2.3270000e+01   1.3242218e+01   6.4719854e+00
1.2139000e+02   2.3280000e+01   1.3522067e+01   5.9382369e+00
1.2139000e+02   2.3290000e+01   1.2713966e+01   5.2224700e+00
1.2139000e+02   2.3330000e+01   1.7208860e+01   5.3896829e+00
1.2139000e+02   2.3360000e+01   1.8386818e+01   4.0683402e+00
1.2139000e+02   2.3370000e+01   1.1415969e+01   5.2852495e+00
1.2139000e+02   2.3420000e+01   1.4606873e+01   4.6239786e+00
1.2139000e+02   2.3430000e+01   1.4364685e+01   4.4932252e+00
1.2139000e+02   2.3440000e+01   1.2898885e+01   4.9330907e+00
1.2139000e+02   2.3450000e+01   1.1588333e+01   4.2713359e+00
1.2139000e+02   2.3460000e+01   1.0609781e+01   4.7540973e+00
1.2139000e+02   2.3470000e+01   1.0257379e+01   5.5968699e+00
1.2139000e+02   2.3480000e+01   1.1631348e+01   5.5690457e+00
1.2140000e+02   2.3120000e+01   1.4836083e+01   7.2653126e+00
1.2140000e+02   2.3220000e+01   9.8541609e+00   5.7909872e+00
1.2140000e+02   2.3230000e+01   9.3414754e+00   5.9226130e+00
1.2140000e+02   2.3240000e+01   1.1424253e+01   6.3344488e+00
1.2140000e+02   2.3270000e+01   9.2454738e+00   5.5262732e+00
1.2140000e+02   2.3280000e+01   1.3764630e+01   6.1083463e+00
1.2140000e+02   2.3290000e+01   1.3849850e+01   6.2716983e+00
1.2140000e+02   2.3340000e+01   1.4817827e+01   6.4941252e+00
1.2140000e+02   2.3350000e+01   1.3760208e+01   5.1908466e+00
1.2140000e+02   2.3360000e+01   1.3676237e+01   5.8023610e+00
1.2140000e+02   2.3370000e+01   1.3295553e+01   5.7504888e+00
1.2140000e+02   2.3430000e+01   1.4239803e+01   5.2386398e+00
1.2140000e+02   2.3440000e+01   1.3749664e+01   5.8249779e+00
1.2140000e+02   2.3450000e+01   1.2817472e+01   4.6098598e+00
1.2140000e+02   2.3460000e+01   1.2524589e+01   5.5672007e+00
1.2140000e+02   2.3470000e+01   1.4051418e+01   6.4931750e+00
1.2140000e+02   2.3480000e+01   1.2959072e+01   5.0958812e+00
1.2140000e+02   2.3490000e+01   6.2865319e+00   4.7603985e+00
1.2140000e+02   2.3500000e+01   6.9640608e+00   5.1745816e+00
1.2140000e+02   2.3510000e+01   6.7250714e+00   5.2107355e+00
1.2140000e+02   2.3520000e+01   7.2167025e+00   5.8793466e+00
1.2141000e+02   2.3250000e+01   1.1849672e+01   4.5642399e+00
1.2141000e+02   2.3270000e+01   9.1958733e+00   5.2741320e+00
1.2141000e+02   2.3290000e+01   1.1329791e+01   5.7840736e+00
1.2141000e+02   2.3300000e+01   1.4096378e+01   5.5122129e+00
1.2141000e+02   2.3450000e+01   8.6182850e+00   7.4624585e+00
1.2141000e+02   2.3460000e+01   1.3664648e+01   7.0805253e+00
1.2141000e+02   2.3470000e+01   1.4818164e+01   7.2182366e+00
1.2141000e+02   2.3480000e+01   1.5526722e+01   5.6142724e+00
1.2141000e+02   2.3490000e+01   1.3810225e+01   5.4917347e+00
1.2141000e+02   2.3500000e+01   1.4238243e+01   6.0068594e+00
1.2142000e+02   2.3270000e+01   1.0520537e+01   4.0365343e+00
1.2142000e+02   2.3280000e+01   1.1217405e+01   3.9123865e+00
1.2142000e+02   2.3290000e+01   1.4123737e+01   4.6709602e+00
1.2142000e+02   2.3300000e+01   1.5459895e+01   4.7204578e+00
1.2142000e+02   2.3310000e+01   1.5381127e+01   6.3966333e+00
1.2142000e+02   2.3320000e+01   1.6918375e+01   7.1711912e+00
1.2142000e+02   2.3330000e+01   1.1607161e+01   5.7947030e+00
1.2142000e+02   2.3370000e+01   1.1688254e+01   6.9309694e+00
1.2142000e+02   2.3380000e+01   9.9612317e+00   5.9285700e+00
1.2142000e+02   2.3390000e+01   8.3469725e+00   5.9327858e+00
1.2142000e+02   2.3400000e+01   3.9029736e+00   8.1973264e+00
1.2142000e+02   2.3450000e+01   9.0871057e+00   7.1434126e+00
1.2142000e+02   2.3460000e+01   1.2166507e+01   7.2288051e+00
1.2142000e+02   2.3480000e+01   1.8167335e+01   6.1926782e+00
1.2142000e+02   2.3490000e+01   1.5557049e+01   5.4696416e+00
1.2142000e+02   2.3500000e+01   1.5189536e+01   6.3467875e+00
1.2143000e+02   2.3300000e+01   1.4181852e+01   4.1880359e+00
1.2143000e+02   2.3330000e+01   1.2534058e+01   4.5193915e+00
1.2143000e+02   2.3380000e+01   1.0970837e+01   5.6146920e+00
1.2143000e+02   2.3390000e+01   9.5776806e+00   6.1355931e+00
1.2143000e+02   2.3400000e+01   8.4959324e+00   6.9015141e+00
1.2143000e+02   2.3450000e+01   8.5788190e+00   7.0264943e+00
1.2143000e+02   2.3470000e+01   1.4210475e+01   5.9473899e+00
1.2143000e+02   2.3480000e+01   1.6575065e+01   5.4803800e+00
1.2143000e+02   2.3490000e+01   1.4853292e+01   5.1302763e+00
1.2143000e+02   2.3500000e+01   1.3357340e+01   5.3050251e+00
1.2143000e+02   2.3510000e+01   1.2460894e+01   6.3138964e+00
1.2144000e+02   2.3310000e+01   1.1490927e+01   5.0679011e+00
1.2144000e+02   2.3320000e+01   1.2352480e+01   4.3812121e+00
1.2144000e+02   2.3330000e+01   1.2968118e+01   4.0665356e+00
1.2144000e+02   2.3340000e+01   1.3337857e+01   5.8197088e+00
1.2144000e+02   2.3350000e+01   1.6132117e+01   6.2049759e+00
1.2144000e+02   2.3490000e+01   1.6423164e+01   5.8871381e+00
1.2144000e+02   2.3500000e+01   1.4406423e+01   5.3861576e+00
1.2144000e+02   2.3510000e+01   1.0542797e+01   5.4145258e+00
1.2145000e+02   2.3320000e+01   1.2141489e+01   3.8568693e+00
1.2145000e+02   2.3330000e+01   1.1158380e+01   4.7371638e+00
1.2145000e+02   2.3340000e+01   1.0496878e+01   5.0304883e+00
1.2145000e+02   2.3360000e+01   6.6094898e+00   6.0457419e+00
1.2145000e+02   2.3370000e+01   8.3373123e+00   6.6025843e+00
1.2145000e+02   2.3400000e+01   8.0036345e+00   6.3008695e+00
1.2145000e+02   2.3410000e+01   7.3811198e+00   6.5178323e+00
1.2145000e+02   2.3420000e+01   1.3959697e+00   6.1575105e+00
1.2145000e+02   2.3460000e+01  -1.3170068e+00   6.8315852e+00
1.2145000e+02   2.3500000e+01   1.7243894e+01   5.0635068e+00
1.2145000e+02   2.3510000e+01   1.5971295e+01   5.0180833e+00
1.2146000e+02   2.3330000e+01   1.1098239e+01   3.9003843e+00
1.2146000e+02   2.3340000e+01   9.0966372e+00   3.9673734e+00
1.2146000e+02   2.3350000e+01   7.8247564e+00   4.0537431e+00
1.2146000e+02   2.3360000e+01   8.1017146e+00   4.6239810e+00
1.2146000e+02   2.3400000e+01   7.9994712e+00   5.2396632e+00
1.2146000e+02   2.3410000e+01   7.4508460e+00   5.3778902e+00
1.2146000e+02   2.3420000e+01   7.0188917e+00   5.0642760e+00
1.2146000e+02   2.3480000e+01   1.1378358e+01   6.5417808e+00
1.2146000e+02   2.3510000e+01   1.7484607e+01   4.9978287e+00
1.2147000e+02   2.3400000e+01   5.6107057e+00   6.5401388e+00
1.2147000e+02   2.3410000e+01   9.1426651e+00   7.0294573e+00
1.2147000e+02   2.3420000e+01   6.2067148e+00   6.0181321e+00
1.2147000e+02   2.3470000e+01   1.0847794e+01   4.9131893e+00
1.2147000e+02   2.3480000e+01   1.1943223e+01   5.3120494e+00
1.2147000e+02   2.3490000e+01   1.2726916e+01   5.9606632e+00
1.2148000e+02   2.3420000e+01   9.6747149e+00   6.2492242e+00
1.2148000e+02   2.3450000e+01  -4.1344915e+01   5.2135520e+00
1.2148000e+02   2.3470000e+01   1.0114283e+01   5.5180832e+00
1.2148000e+02   2.3480000e+01   8.8394880e+00   6.8231300e+00
1.2148000e+02   2.3490000e+01   1.1686577e+01   6.0699358e+00
1.2149000e+02   2.3470000e+01   1.0612876e+01   5.6149885e+00
1.2149000e+02   2.3510000e+01   1.6654204e+01   5.9517330e+00
1.2150000e+02   2.3480000e+01   1.1031714e+01   5.6072169e+00
1.2150000e+02   2.3490000e+01   8.6865792e+00   6.4323951e+00
1.2108000e+02   2.2800000e+01   6.7780268e+00   4.0993374e+00
1.2108000e+02   2.2810000e+01   9.5999832e+00   4.3089708e+00
1.2108000e+02   2.2820000e+01   1.0075005e+01   4.8420429e+00
1.2108000e+02   2.2830000e+01   6.8803474e+00   5.1666550e+00
1.2109000e+02   2.2860000e+01   1.0894152e+01   6.2382380e+00
1.2110000e+02   2.2880000e+01   1.1549796e+01   7.3278697e+00
1.2113000e+02   2.2900000e+01   1.2007540e+01   6.4953363e+00
1.2120000e+02   2.3070000e+01   1.2595777e+01   6.8637111e+00
1.2121000e+02   2.3100000e+01   1.1839584e+01   5.8689057e+00
1.2123000e+02   2.3160000e+01   8.6848374e+00   5.1709872e+00
1.2124000e+02   2.3180000e+01   1.3690002e+01   5.0059926e+00
1.2125000e+02   2.3190000e+01   1.1750946e+01   4.6786935e+00
1.2128000e+02   2.3240000e+01   1.6933132e+01   4.9689490e+00
1.2129000e+02   2.3260000e+01   1.5166495e+01   3.4431011e+00
1.2132000e+02   2.3310000e+01  -2.8069660e+00   2.2366922e+00
