121.330610000000	23.1545570000000	30.6266630000000	0.804842840000000
121.317080000000	23.2119250000000	17.6009630000000	0.487967420000000
121.343100000000	23.2035500000000	19.6243990000000	0.502487890000000
121.362100000000	23.2040000000000	25.4943160000000	1.73672890000000
121.344000000000	23.2444000000000	26.2209440000000	0.551408230000000
121.317120000000	23.1849800000000	56.0219830000000	1.07383700000000
121.362800000000	23.1856670000000	30.6014110000000	0.636253270000000
121.330670000000	23.1851000000000	20.0686700000000	0.316642170000000
121.398670000000	23.1583330000000	30.6159580000000	0.486125360000000
121.303350000000	23.2139500000000	33.1569780000000	2.18571260000000
121.212930000000	22.9561670000000	55.3603600000000	0.485223710000000
121.326760000000	23.2183800000000	36.7742780000000	0.849289320000000
121.255330000000	22.9317000000000	16.6329700000000	1.13927300000000
121.334850000000	23.1699500000000	34.0771110000000	1.18733000000000
121.319500000000	23.1425250000000	41.5979220000000	0.430544400000000
121.241430000000	22.9521330000000	16.9633590000000	0.741999370000000
121.298400000000	22.9819330000000	22.6143070000000	1.32332080000000
121.282270000000	23.0431750000000	26.1803130000000	3.33076190000000
121.382000000000	22.8724330000000	45.6396870000000	1.27805260000000
